1 0.4619140625 0.6171875 0.033203125 0.1552734375
1 0.3583984375 0.8427734375 0.0556640625 0.224609375
1 0.9208984375 0.5224609375 0.03125 0.103515625
1 0.4228515625 0.4892578125 0.0244140625 0.10546875
1 0.5986328125 0.708984375 0.0361328125 0.1669921875
1 0.720703125 0.5302734375 0.0419921875 0.1181640625
1 0.626953125 0.54296875 0.0263671875 0.1201171875
1 0.37890625 0.478515625 0.0224609375 0.1025390625
0 0.5087890625 0.427734375 0.0107421875 0.017578125
1 0.1494140625 0.53125 0.0517578125 0.115234375
1 0.1171875 0.498046875 0.0234375 0.1015625
1 0.505859375 0.9091796875 0.046875 0.181640625