1 0.7578125 0.494140625 0.02734375 0.111328125
1 0.7763671875 0.6416015625 0.0439453125 0.1591796875
1 0.28515625 0.87890625 0.07421875 0.2421875
1 0.5185546875 0.505859375 0.0244140625 0.126953125
0 0.1923828125 0.568359375 0.009765625 0.01953125
1 0.8935546875 0.5830078125 0.0341796875 0.1513671875
1 0.1064453125 0.5068359375 0.03125 0.12109375
1 0.6220703125 0.4345703125 0.0283203125 0.0869140625
1 0.6064453125 0.52734375 0.037109375 0.1171875
1 0.44921875 0.916015625 0.06640625 0.1669921875
1 0.9658203125 0.484375 0.0263671875 0.0947265625
1 0.970703125 0.85546875 0.0458984375 0.1708984375
1 0.7451171875 0.701171875 0.0673828125 0.193359375