1 0.7587890625 0.8857421875 0.0537109375 0.228515625
1 0.5078125 0.4580078125 0.0244140625 0.091796875
1 0.7548828125 0.7177734375 0.0537109375 0.1904296875
1 0.970703125 0.505859375 0.025390625 0.12109375
1 0.4521484375 0.462890625 0.025390625 0.0908203125
1 0.65234375 0.544921875 0.033203125 0.1025390625
1 0.6201171875 0.44140625 0.021484375 0.083984375
1 0.294921875 0.5146484375 0.021484375 0.111328125
0 0.6328125 0.4873046875 0.0087890625 0.0166015625
1 0.541015625 0.4296875 0.015625 0.0791015625
1 0.58203125 0.9208984375 0.0625 0.158203125
1 0.12890625 0.4873046875 0.01953125 0.0947265625
1 0.0595703125 0.8876953125 0.0458984375 0.2236328125