1 0.3037109375 0.8486328125 0.064453125 0.2353515625
1 0.4453125 0.6201171875 0.0361328125 0.1630859375
1 0.3037109375 0.47265625 0.0244140625 0.1064453125
1 0.505859375 0.7001953125 0.0390625 0.16796875
0 0.64453125 0.5732421875 0.0087890625 0.0146484375
1 0.638671875 0.5166015625 0.0341796875 0.109375
1 0.5517578125 0.5205078125 0.03125 0.12109375
1 0.3671875 0.4560546875 0.021484375 0.0966796875
1 0.8623046875 0.5048828125 0.0263671875 0.1005859375
1 0.21875 0.48828125 0.0419921875 0.0986328125
1 0.4541015625 0.908203125 0.048828125 0.18359375