1 0.43359375 0.4990234375 0.0166015625 0.1103515625
1 0.673828125 0.85546875 0.056640625 0.2353515625
1 0.564453125 0.62109375 0.0380859375 0.1494140625
1 0.6826171875 0.517578125 0.0283203125 0.111328125
1 0.796875 0.54296875 0.0419921875 0.126953125
1 0.0947265625 0.5732421875 0.033203125 0.138671875
1 0.46875 0.4326171875 0.015625 0.083984375
1 0.705078125 0.4921875 0.0205078125 0.0869140625
1 0.080078125 0.48828125 0.0234375 0.099609375
1 0.0986328125 0.810546875 0.0498046875 0.2060546875
0 0.71484375 0.556640625 0.0078125 0.013671875