1 0.6806640625 0.845703125 0.0615234375 0.224609375
1 0.5458984375 0.626953125 0.03515625 0.15625
1 0.681640625 0.486328125 0.0234375 0.1015625
1 0.4873046875 0.7041015625 0.037109375 0.1611328125
0 0.3544921875 0.58203125 0.0087890625 0.013671875
1 0.3603515625 0.5283203125 0.033203125 0.1044921875
1 0.443359375 0.5322265625 0.029296875 0.1162109375
1 0.62109375 0.470703125 0.0205078125 0.0927734375
1 0.146484375 0.5166015625 0.025390625 0.0966796875
1 0.7626953125 0.5009765625 0.041015625 0.0947265625
1 0.537109375 0.9033203125 0.0458984375 0.177734375