1 0.7587890625 0.525390625 0.021484375 0.1123046875
1 0.794921875 0.84375 0.044921875 0.234375
1 0.314453125 0.498046875 0.025390625 0.080078125
1 0.6025390625 0.4912109375 0.0244140625 0.09375
1 0.4521484375 0.455078125 0.021484375 0.07421875
1 0.3603515625 0.462890625 0.0205078125 0.072265625
1 0.3193359375 0.8330078125 0.046875 0.1923828125
1 0.2314453125 0.517578125 0.0283203125 0.0966796875
1 0.3837890625 0.4443359375 0.021484375 0.0654296875
1 0.16796875 0.8486328125 0.041015625 0.1962890625
1 0.220703125 0.7744140625 0.037109375 0.1875
1 0.234375 0.4658203125 0.0205078125 0.04296875