1 0.3828125 0.509765625 0.0322265625 0.1044921875
0 0.5224609375 0.580078125 0.0087890625 0.0166015625
1 0.666015625 0.794921875 0.0439453125 0.21484375
1 0.06640625 0.5986328125 0.0283203125 0.1337890625
1 0.3271484375 0.5576171875 0.03515625 0.125
1 0.251953125 0.5732421875 0.0283203125 0.1318359375
1 0.59765625 0.5576171875 0.03515625 0.1337890625
1 0.8876953125 0.5732421875 0.0693359375 0.15625
1 0.087890625 0.5 0.0341796875 0.08984375
1 0.1162109375 0.8583984375 0.0419921875 0.1923828125
1 0.15625 0.515625 0.0205078125 0.1083984375
1 0.4345703125 0.4658203125 0.0234375 0.0634765625
1 0.021484375 0.9013671875 0.0419921875 0.1962890625