1 0.548828125 0.51171875 0.0322265625 0.10546875
1 0.794921875 0.8857421875 0.060546875 0.228515625
1 0.4638671875 0.556640625 0.03125 0.09765625
1 0.5888671875 0.51171875 0.0234375 0.09375
1 0.3154296875 0.54296875 0.0205078125 0.119140625
1 0.2275390625 0.6025390625 0.0361328125 0.1396484375
1 0.4208984375 0.498046875 0.021484375 0.08984375
1 0.2001953125 0.5 0.021484375 0.0771484375
1 0.6357421875 0.919921875 0.048828125 0.16015625
1 0.396484375 0.4462890625 0.01953125 0.0673828125
0 0.5390625 0.5546875 0.0087890625 0.0146484375
1 0.1435546875 0.8349609375 0.0361328125 0.1630859375