1 0.671875 0.505859375 0.017578125 0.107421875
1 0.4560546875 0.55859375 0.0380859375 0.1318359375
1 0.6865234375 0.8603515625 0.0703125 0.2412109375
1 0.2119140625 0.6201171875 0.0302734375 0.140625
1 0.8203125 0.626953125 0.04296875 0.154296875
1 0.130859375 0.4814453125 0.0234375 0.091796875
1 0.3525390625 0.51171875 0.0283203125 0.1044921875
1 0.037109375 0.5634765625 0.0302734375 0.1318359375
1 0.3525390625 0.4228515625 0.013671875 0.0595703125
1 0.39453125 0.455078125 0.0185546875 0.0830078125
1 0.037109375 0.806640625 0.060546875 0.1962890625
0 0.3486328125 0.560546875 0.009765625 0.01953125
1 0.4931640625 0.9248046875 0.044921875 0.150390625