0 0.45703125 0.58203125 0.0107421875 0.0185546875
1 0.3720703125 0.458984375 0.0244140625 0.10546875
1 0.6904296875 0.8076171875 0.0615234375 0.2236328125
1 0.650390625 0.4873046875 0.0205078125 0.10546875
1 0.5224609375 0.5556640625 0.0478515625 0.125
1 0.4052734375 0.51953125 0.033203125 0.1240234375
1 0.25390625 0.5244140625 0.0263671875 0.134765625
1 0.9208984375 0.4736328125 0.0263671875 0.11328125
1 0.478515625 0.4150390625 0.0224609375 0.078125
1 0.0859375 0.4560546875 0.025390625 0.0986328125
1 0.1494140625 0.765625 0.0498046875 0.1953125
1 0.501953125 0.8974609375 0.0458984375 0.2001953125
1 0.0322265625 0.8466796875 0.041015625 0.2080078125