1 0.42578125 0.8525390625 0.046875 0.2255859375
1 0.5263671875 0.5361328125 0.0205078125 0.10546875
1 0.38671875 0.5791015625 0.0322265625 0.1298828125
1 0.5478515625 0.4990234375 0.0185546875 0.0966796875
1 0.4501953125 0.5263671875 0.033203125 0.109375
1 0.71484375 0.5078125 0.029296875 0.0888671875
1 0.0205078125 0.65625 0.041015625 0.1748046875
1 0.5 0.451171875 0.0185546875 0.0830078125
1 0.5615234375 0.919921875 0.048828125 0.16015625
0 0.4619140625 0.5634765625 0.0078125 0.017578125
1 0.7001953125 0.48046875 0.0380859375 0.080078125