1 0.7705078125 0.81640625 0.0498046875 0.220703125
1 0.3056640625 0.5693359375 0.02734375 0.109375
1 0.2666015625 0.490234375 0.0234375 0.0888671875
1 0.4111328125 0.5078125 0.0224609375 0.099609375
1 0.67578125 0.52734375 0.0234375 0.1123046875
1 0.2265625 0.498046875 0.01953125 0.091796875
1 0.56640625 0.4658203125 0.017578125 0.0771484375
1 0.193359375 0.5 0.0244140625 0.0849609375
1 0.2890625 0.46875 0.0185546875 0.08203125
1 0.1484375 0.8662109375 0.046875 0.1962890625
0 0.173828125 0.5302734375 0.0107421875 0.0166015625