1 0.958984375 0.591796875 0.060546875 0.1650390625
1 0.2216796875 0.56640625 0.0361328125 0.1474609375
1 0.5087890625 0.587890625 0.037109375 0.16796875
1 0.1982421875 0.6845703125 0.037109375 0.177734375
1 0.4287109375 0.4130859375 0.0244140625 0.080078125
1 0.12890625 0.494140625 0.0263671875 0.09375
1 0.5078125 0.447265625 0.01953125 0.091796875
1 0.033203125 0.8603515625 0.06640625 0.2412109375
0 0.1376953125 0.53125 0.0068359375 0.013671875
1 0.7001953125 0.9365234375 0.060546875 0.115234375
1 0.5087890625 0.5234375 0.0234375 0.0439453125