1 0.24609375 0.59375 0.0322265625 0.1171875
1 0.3154296875 0.486328125 0.01953125 0.0888671875
1 0.4921875 0.4638671875 0.0185546875 0.078125
1 0.2236328125 0.44921875 0.01953125 0.0791015625
1 0.259765625 0.4580078125 0.0146484375 0.0849609375
1 0.3828125 0.4443359375 0.0166015625 0.07421875
1 0.125 0.4892578125 0.017578125 0.0869140625
1 0.3681640625 0.4560546875 0.0185546875 0.05859375
0 0.3916015625 0.4716796875 0.005859375 0.0087890625
1 0.02734375 0.87109375 0.041015625 0.201171875
1 0.330078125 0.9169921875 0.0556640625 0.1513671875