1 0.3876953125 0.5380859375 0.02734375 0.1025390625
1 0.5419921875 0.85546875 0.044921875 0.203125
1 0.78515625 0.50390625 0.0283203125 0.1005859375
1 0.9482421875 0.560546875 0.0302734375 0.1298828125
1 0.263671875 0.5107421875 0.0244140625 0.1005859375
1 0.103515625 0.7666015625 0.041015625 0.173828125
1 0.427734375 0.4619140625 0.017578125 0.083984375
1 0.4521484375 0.4453125 0.0185546875 0.076171875
1 0.2353515625 0.48046875 0.0166015625 0.0810546875
1 0.349609375 0.4443359375 0.0166015625 0.0771484375
1 0.1708984375 0.8408203125 0.041015625 0.1923828125