1 0.6728515625 0.845703125 0.0634765625 0.2275390625
1 0.8173828125 0.576171875 0.0283203125 0.134765625
1 0.6630859375 0.5087890625 0.017578125 0.107421875
1 0.3505859375 0.658203125 0.0498046875 0.1484375
1 0.05859375 0.5732421875 0.037109375 0.126953125
1 0.11328125 0.8173828125 0.0478515625 0.2021484375
1 0.1142578125 0.494140625 0.02734375 0.091796875
1 0.421875 0.435546875 0.0166015625 0.076171875
1 0.439453125 0.5126953125 0.029296875 0.1162109375
1 0.5068359375 0.4912109375 0.0419921875 0.0908203125
0 0.5205078125 0.5302734375 0.0068359375 0.01171875
1 0.484375 0.9189453125 0.0439453125 0.1572265625
1 0.50390625 0.5029296875 0.03125 0.0810546875