1 0.6962890625 0.4326171875 0.021484375 0.107421875
1 0.7001953125 0.8701171875 0.07421875 0.2578125
1 0.890625 0.4697265625 0.0380859375 0.1181640625
1 0.5087890625 0.4697265625 0.0244140625 0.1123046875
0 0.33203125 0.4892578125 0.0087890625 0.015625
1 0.4794921875 0.578125 0.033203125 0.1455078125
1 0.064453125 0.462890625 0.0224609375 0.099609375
1 0.4873046875 0.38671875 0.017578125 0.0830078125
1 0.275390625 0.46484375 0.03515625 0.1123046875
1 0.5615234375 0.4033203125 0.013671875 0.095703125
1 0.5048828125 0.9111328125 0.064453125 0.177734375