1 0.33203125 0.6484375 0.0400390625 0.1337890625
1 0.134765625 0.5439453125 0.052734375 0.1181640625
1 0.4638671875 0.619140625 0.033203125 0.138671875
1 0.330078125 0.5126953125 0.041015625 0.095703125
1 0.466796875 0.494140625 0.0341796875 0.1015625
1 0.6318359375 0.4970703125 0.0146484375 0.107421875
1 0.5546875 0.5263671875 0.029296875 0.11328125
1 0.7119140625 0.4736328125 0.0224609375 0.0849609375
1 0.8037109375 0.7158203125 0.0263671875 0.1474609375
1 0.576171875 0.455078125 0.017578125 0.078125
1 0.3173828125 0.93359375 0.052734375 0.1318359375
0 0.3427734375 0.6806640625 0.0126953125 0.0234375