1 0.6083984375 0.537109375 0.02734375 0.103515625
1 0.4521484375 0.857421875 0.044921875 0.205078125
1 0.20703125 0.501953125 0.0283203125 0.1025390625
1 0.0419921875 0.55859375 0.0302734375 0.130859375
1 0.7333984375 0.5087890625 0.0244140625 0.1025390625
1 0.8955078125 0.767578125 0.0419921875 0.17578125
1 0.568359375 0.458984375 0.017578125 0.0849609375
1 0.5439453125 0.443359375 0.0185546875 0.0771484375
1 0.7626953125 0.478515625 0.0166015625 0.08203125
1 0.6474609375 0.44140625 0.0166015625 0.078125
1 0.828125 0.8427734375 0.0419921875 0.1943359375