1 0.2744140625 0.57421875 0.037109375 0.123046875
1 0.3564453125 0.5634765625 0.0380859375 0.123046875
1 0.80859375 0.884765625 0.0751953125 0.2294921875
1 0.2900390625 0.484375 0.021484375 0.09375
1 0.4072265625 0.521484375 0.017578125 0.1015625
1 0.2109375 0.5546875 0.029296875 0.1162109375
1 0.341796875 0.455078125 0.013671875 0.080078125
1 0.1796875 0.5087890625 0.0205078125 0.0869140625
1 0.6552734375 0.9169921875 0.048828125 0.1650390625
1 0.1767578125 0.8251953125 0.0341796875 0.1630859375
0 0.2724609375 0.494140625 0.0107421875 0.0205078125
1 0.3701171875 0.5205078125 0.0205078125 0.1044921875