1 0.2158203125 0.673828125 0.0498046875 0.1396484375
1 0.2841796875 0.498046875 0.0234375 0.0888671875
1 0.2333984375 0.478515625 0.0205078125 0.0849609375
1 0.3046875 0.54296875 0.0234375 0.107421875
1 0.5185546875 0.482421875 0.0234375 0.076171875
1 0.6826171875 0.513671875 0.0244140625 0.0986328125
1 0.4052734375 0.4658203125 0.0205078125 0.08203125
1 0.1025390625 0.5166015625 0.0224609375 0.091796875
1 0.017578125 0.908203125 0.03515625 0.18359375
0 0.4560546875 0.521484375 0.0078125 0.0126953125
1 0.4560546875 0.48828125 0.02734375 0.083984375