1 0.0283203125 0.6123046875 0.056640625 0.1767578125
1 0.814453125 0.5849609375 0.0380859375 0.158203125
1 0.5068359375 0.607421875 0.0400390625 0.1796875
1 0.83984375 0.7119140625 0.0400390625 0.1904296875
1 0.5927734375 0.4208984375 0.0263671875 0.0859375
1 0.9140625 0.5078125 0.0283203125 0.1005859375
1 0.5078125 0.4580078125 0.0205078125 0.0986328125
1 0.990234375 0.8857421875 0.0185546875 0.228515625
0 0.9052734375 0.546875 0.0078125 0.0146484375
1 0.3017578125 0.9599609375 0.0654296875 0.0791015625
1 0.5068359375 0.5390625 0.025390625 0.0478515625