1 0.8359375 0.595703125 0.044921875 0.1630859375
1 0.4404296875 0.4658203125 0.0322265625 0.08984375
1 0.337890625 0.5400390625 0.021484375 0.091796875
1 0.2880859375 0.5498046875 0.0283203125 0.115234375
1 0.8876953125 0.8974609375 0.076171875 0.205078125
1 0.236328125 0.474609375 0.021484375 0.0849609375
1 0.7197265625 0.921875 0.064453125 0.15625
1 0.216796875 0.7978515625 0.037109375 0.1484375
0 0.30078125 0.5615234375 0.0146484375 0.0244140625
1 0.421875 0.4423828125 0.0283203125 0.09375
1 0.302734375 0.5185546875 0.0302734375 0.1123046875
1 0.84765625 0.5595703125 0.0224609375 0.1611328125