1 0.689453125 0.876953125 0.064453125 0.2412109375
1 0.38671875 0.533203125 0.0380859375 0.1259765625
1 0.828125 0.5029296875 0.0185546875 0.12109375
1 0.4873046875 0.4990234375 0.029296875 0.1201171875
1 0.263671875 0.4873046875 0.029296875 0.1044921875
1 0.1171875 0.580078125 0.03515625 0.1435546875
1 0.30859375 0.708984375 0.0634765625 0.1904296875
1 0.2548828125 0.6181640625 0.0322265625 0.1435546875
0 0.8037109375 0.5419921875 0.0087890625 0.0146484375
1 0.375 0.4306640625 0.0234375 0.08203125
1 0.0146484375 0.4912109375 0.0234375 0.095703125
1 0.5126953125 0.9130859375 0.064453125 0.1728515625