1 0.6865234375 0.85546875 0.0634765625 0.228515625
1 0.4072265625 0.52734375 0.0263671875 0.091796875
1 0.2822265625 0.6416015625 0.0380859375 0.140625
1 0.439453125 0.546875 0.033203125 0.115234375
1 0.66015625 0.5107421875 0.01953125 0.109375
1 0.8349609375 0.611328125 0.029296875 0.150390625
1 0.087890625 0.8173828125 0.0517578125 0.19921875
1 0.3935546875 0.44140625 0.0126953125 0.0791015625
1 0.447265625 0.466796875 0.0205078125 0.078125
1 0.1279296875 0.49609375 0.0224609375 0.0908203125
1 0.0478515625 0.5732421875 0.0263671875 0.123046875
0 0.4150390625 0.5625 0.0087890625 0.0185546875
1 0.494140625 0.9208984375 0.0419921875 0.1484375
1 0.0185546875 0.8955078125 0.037109375 0.208984375