1 0.173828125 0.6533203125 0.0517578125 0.17578125
1 0.6943359375 0.541015625 0.033203125 0.142578125
1 0.8515625 0.7021484375 0.0498046875 0.177734375
1 0.5634765625 0.8515625 0.0458984375 0.244140625
1 0.5185546875 0.48828125 0.0302734375 0.1123046875
1 0.533203125 0.646484375 0.02734375 0.1787109375
0 0.3076171875 0.6708984375 0.013671875 0.0244140625
1 0.8955078125 0.595703125 0.03515625 0.1572265625
1 0.025390625 0.4677734375 0.0302734375 0.103515625
1 0.154296875 0.537109375 0.0263671875 0.0517578125
1 0.7236328125 0.93359375 0.0634765625 0.1328125