1 0.515625 0.4990234375 0.0244140625 0.107421875
0 0.7451171875 0.693359375 0.01171875 0.0205078125
1 0.5087890625 0.8388671875 0.04296875 0.2236328125
1 0.4599609375 0.634765625 0.0283203125 0.1572265625
1 0.232421875 0.71484375 0.0419921875 0.177734375
1 0.84375 0.5302734375 0.0283203125 0.1103515625
1 0.392578125 0.5263671875 0.0234375 0.1142578125
1 0.2265625 0.5703125 0.0283203125 0.1396484375
1 0.8212890625 0.591796875 0.0390625 0.1337890625
1 0.0859375 0.56640625 0.037109375 0.1328125
1 0.36328125 0.91796875 0.0537109375 0.1640625