0 0.595703125 0.564453125 0.0078125 0.0126953125
1 0.2490234375 0.8125 0.046875 0.2099609375
1 0.10546875 0.580078125 0.0380859375 0.130859375
1 0.662109375 0.5458984375 0.02734375 0.1142578125
1 0.416015625 0.5576171875 0.0341796875 0.1201171875
1 0.576171875 0.51171875 0.0244140625 0.103515625
1 0.80859375 0.5966796875 0.0185546875 0.115234375
1 0.703125 0.5517578125 0.0224609375 0.11328125
1 0.71875 0.8291015625 0.0380859375 0.1943359375
1 0.7861328125 0.501953125 0.021484375 0.0859375
1 0.7373046875 0.5068359375 0.017578125 0.0927734375
1 0.849609375 0.8603515625 0.0400390625 0.1943359375
1 0.4775390625 0.4765625 0.021484375 0.0625