1 0.8115234375 0.5732421875 0.0234375 0.1220703125
1 0.8515625 0.896484375 0.048828125 0.2060546875
1 0.326171875 0.54296875 0.02734375 0.087890625
1 0.640625 0.5361328125 0.0263671875 0.1025390625
1 0.4765625 0.4970703125 0.0234375 0.0810546875
1 0.376953125 0.5048828125 0.0224609375 0.0791015625
1 0.33203125 0.90234375 0.05078125 0.1953125
1 0.2353515625 0.564453125 0.03125 0.10546875
1 0.4013671875 0.484375 0.0234375 0.072265625
1 0.166015625 0.91015625 0.044921875 0.1796875
1 0.2236328125 0.8447265625 0.041015625 0.2041015625
1 0.2392578125 0.5087890625 0.0224609375 0.046875