1 0.7734375 0.796875 0.046875 0.240234375
1 0.4921875 0.494140625 0.0244140625 0.1201171875
1 0.8037109375 0.521484375 0.0341796875 0.1396484375
1 0.171875 0.5478515625 0.033203125 0.130859375
1 0.26171875 0.4833984375 0.02734375 0.1181640625
1 0.390625 0.447265625 0.01953125 0.10546875
1 0.2275390625 0.48828125 0.02734375 0.1181640625
1 0.17578125 0.455078125 0.0234375 0.08984375
1 0.2119140625 0.7958984375 0.0478515625 0.2109375
1 0.1162109375 0.85546875 0.04296875 0.2119140625
1 0.525390625 0.4296875 0.03125 0.087890625
1 0.2568359375 0.416015625 0.0205078125 0.0546875