1 0.7705078125 0.8359375 0.03515625 0.22265625
1 0.33984375 0.5625 0.029296875 0.1025390625
1 0.5859375 0.4775390625 0.017578125 0.091796875
1 0.671875 0.5263671875 0.01953125 0.109375
1 0.4013671875 0.50390625 0.0205078125 0.099609375
1 0.283203125 0.482421875 0.0234375 0.095703125
1 0.4228515625 0.5009765625 0.017578125 0.1005859375
1 0.185546875 0.5087890625 0.0234375 0.0869140625
1 0.2275390625 0.498046875 0.01953125 0.080078125
1 0.1640625 0.8115234375 0.0380859375 0.1845703125
0 0.1767578125 0.5302734375 0.0107421875 0.0146484375