1 0.1748046875 0.89453125 0.0732421875 0.2109375
1 0.6953125 0.6455078125 0.0400390625 0.1591796875
1 0.546875 0.447265625 0.025390625 0.0859375
1 0.759765625 0.5595703125 0.025390625 0.1220703125
1 0.4365234375 0.5419921875 0.033203125 0.12109375
1 0.4052734375 0.5205078125 0.041015625 0.11328125
1 0.6865234375 0.490234375 0.0263671875 0.0986328125
0 0.4375 0.6650390625 0.0146484375 0.0224609375
1 0.818359375 0.478515625 0.0244140625 0.0869140625
1 0.3427734375 0.9189453125 0.0615234375 0.162109375
1 0.70703125 0.6318359375 0.037109375 0.142578125