1 0.33984375 0.537109375 0.021484375 0.1103515625
1 0.3603515625 0.4580078125 0.0166015625 0.091796875
1 0.19140625 0.541015625 0.0224609375 0.125
1 0.2353515625 0.513671875 0.02734375 0.109375
0 0.21875 0.5927734375 0.009765625 0.017578125
1 0.4775390625 0.490234375 0.0185546875 0.1083984375
1 0.826171875 0.57421875 0.04296875 0.140625
1 0.8203125 0.9013671875 0.07421875 0.197265625
1 0.8583984375 0.6357421875 0.041015625 0.1787109375
1 0.154296875 0.4794921875 0.0302734375 0.0810546875
1 0.6513671875 0.92578125 0.0634765625 0.1474609375
1 0.142578125 0.8046875 0.0380859375 0.1552734375