1 0.451171875 0.5380859375 0.02734375 0.11328125
1 0.603515625 0.6513671875 0.04296875 0.1376953125
1 0.8134765625 0.59765625 0.048828125 0.1357421875
1 0.796875 0.49609375 0.0283203125 0.1015625
1 0.666015625 0.7275390625 0.0625 0.169921875
1 0.482421875 0.8349609375 0.0390625 0.2236328125
0 0.5400390625 0.544921875 0.0087890625 0.0146484375
1 0.521484375 0.5 0.0224609375 0.1005859375
1 0.8193359375 0.455078125 0.0234375 0.0888671875
1 0.625 0.9140625 0.052734375 0.1708984375
1 0.19140625 0.47265625 0.015625 0.091796875