1 0.74609375 0.8779296875 0.0673828125 0.236328125
1 0.8720703125 0.5009765625 0.0390625 0.115234375
1 0.525390625 0.6376953125 0.0322265625 0.1494140625
1 0.529296875 0.5224609375 0.0263671875 0.1181640625
1 0.7373046875 0.4765625 0.0205078125 0.1015625
0 0.3818359375 0.546875 0.0078125 0.015625
1 0.9462890625 0.638671875 0.05078125 0.1484375
1 0.62109375 0.4453125 0.0185546875 0.08984375
1 0.3642578125 0.501953125 0.021484375 0.1015625
1 0.1484375 0.5 0.0185546875 0.091796875
1 0.5810546875 0.91796875 0.0615234375 0.1640625
1 0.5634765625 0.431640625 0.017578125 0.076171875
1 0.07421875 0.861328125 0.0419921875 0.16015625