1 0.7265625 0.5185546875 0.0224609375 0.1201171875
1 0.5966796875 0.498046875 0.0244140625 0.0966796875
1 0.62109375 0.5263671875 0.0244140625 0.095703125
1 0.267578125 0.5859375 0.0419921875 0.130859375
0 0.48828125 0.6015625 0.0087890625 0.017578125
1 0.85546875 0.505859375 0.0283203125 0.1005859375
1 0.2255859375 0.572265625 0.052734375 0.1220703125
1 0.677734375 0.73046875 0.04296875 0.1923828125
1 0.02734375 0.8740234375 0.0546875 0.2490234375
1 0.4970703125 0.4638671875 0.0263671875 0.0859375
1 0.6796875 0.421875 0.0185546875 0.0791015625