0 0.3505859375 0.6435546875 0.009765625 0.017578125
1 0.3935546875 0.525390625 0.0341796875 0.0947265625
1 0.5576171875 0.76953125 0.029296875 0.19140625
1 0.5810546875 0.5751953125 0.037109375 0.1328125
1 0.814453125 0.55078125 0.017578125 0.1171875
1 0.521484375 0.6494140625 0.0302734375 0.158203125
1 0.7646484375 0.6123046875 0.0341796875 0.11328125
1 0.5341796875 0.55078125 0.029296875 0.1220703125
1 0.0771484375 0.6689453125 0.0302734375 0.1396484375
1 0.1337890625 0.5224609375 0.0361328125 0.1005859375
1 0.5263671875 0.92578125 0.0458984375 0.1484375