1 0.5126953125 0.6826171875 0.0341796875 0.154296875
1 0.716796875 0.4970703125 0.01953125 0.10546875
1 0.7314453125 0.8681640625 0.05859375 0.23046875
1 0.6103515625 0.4638671875 0.01953125 0.0859375
1 0.7890625 0.51171875 0.03515625 0.1064453125
1 0.7529296875 0.642578125 0.0439453125 0.1513671875
1 0.515625 0.537109375 0.017578125 0.12109375
1 0.57421875 0.462890625 0.0244140625 0.0693359375
1 0.396484375 0.5263671875 0.021484375 0.111328125
0 0.400390625 0.576171875 0.0087890625 0.013671875
1 0.1650390625 0.515625 0.0224609375 0.091796875
1 0.578125 0.916015625 0.05078125 0.16796875
1 0.0810546875 0.87890625 0.0419921875 0.203125