1 0.109375 0.564453125 0.03515625 0.125
0 0.708984375 0.7109375 0.0107421875 0.0205078125
1 0.744140625 0.654296875 0.0302734375 0.134765625
1 0.212890625 0.5849609375 0.0234375 0.1318359375
1 0.365234375 0.89453125 0.0400390625 0.2099609375
1 0.42578125 0.5341796875 0.01953125 0.1044921875
1 0.458984375 0.634765625 0.0263671875 0.1455078125
1 0.271484375 0.57421875 0.03515625 0.1298828125
1 0.462890625 0.9345703125 0.0498046875 0.130859375
1 0.71484375 0.5029296875 0.0185546875 0.0927734375
1 0.4599609375 0.533203125 0.0234375 0.091796875