1 0.2490234375 0.912109375 0.068359375 0.17578125
1 0.7490234375 0.5576171875 0.03515625 0.1220703125
1 0.5947265625 0.5068359375 0.0224609375 0.0947265625
1 0.34375 0.765625 0.0498046875 0.1982421875
1 0.46875 0.5830078125 0.0341796875 0.1181640625
1 0.041015625 0.5419921875 0.0234375 0.123046875
1 0.5341796875 0.4970703125 0.021484375 0.0947265625
1 0.47265625 0.4609375 0.021484375 0.0732421875
1 0.912109375 0.5185546875 0.0205078125 0.09765625
1 0.98046875 0.908203125 0.0380859375 0.18359375
0 0.453125 0.5 0.0078125 0.0126953125
1 0.4384765625 0.9462890625 0.0654296875 0.107421875