1 0.521484375 0.6826171875 0.0361328125 0.16015625
1 0.732421875 0.4892578125 0.01953125 0.109375
1 0.748046875 0.875 0.060546875 0.2392578125
1 0.6220703125 0.455078125 0.0205078125 0.08984375
1 0.8076171875 0.50390625 0.0361328125 0.1103515625
1 0.76953125 0.640625 0.044921875 0.1572265625
1 0.5234375 0.53125 0.0185546875 0.1259765625
1 0.5849609375 0.453125 0.0244140625 0.072265625
1 0.3994140625 0.51953125 0.0224609375 0.115234375
0 0.404296875 0.5712890625 0.0087890625 0.0146484375
1 0.16015625 0.5078125 0.0234375 0.0947265625
1 0.58984375 0.9189453125 0.052734375 0.1611328125
1 0.072265625 0.8857421875 0.04296875 0.2109375