1 0.8388671875 0.541015625 0.025390625 0.1181640625
1 0.5126953125 0.830078125 0.037109375 0.21875
1 0.603515625 0.544921875 0.0205078125 0.1220703125
1 0.5322265625 0.5556640625 0.0205078125 0.111328125
1 0.2734375 0.4560546875 0.01953125 0.0849609375
1 0.62890625 0.54296875 0.01953125 0.115234375
1 0.1513671875 0.5546875 0.029296875 0.12890625
1 0.3134765625 0.478515625 0.021484375 0.095703125
1 0.4580078125 0.7021484375 0.037109375 0.177734375
0 0.8173828125 0.5869140625 0.009765625 0.0166015625
1 0.375 0.908203125 0.05078125 0.169921875