1 0.3125 0.4384765625 0.01953125 0.091796875
1 0.1015625 0.4365234375 0.0234375 0.09375
1 0.4599609375 0.4326171875 0.015625 0.0859375
1 0.6181640625 0.455078125 0.021484375 0.09765625
1 0.2470703125 0.4541015625 0.0244140625 0.1171875
1 0.0302734375 0.46484375 0.0205078125 0.099609375
1 0.9638671875 0.8837890625 0.072265625 0.232421875
1 0.6337890625 0.4111328125 0.015625 0.08203125
1 0.0244140625 0.830078125 0.048828125 0.21484375
1 0.2529296875 0.9091796875 0.056640625 0.181640625
1 0.166015625 0.404296875 0.0244140625 0.060546875
0 0.18359375 0.4208984375 0.0087890625 0.0185546875