1 0.2001953125 0.59375 0.0439453125 0.1572265625
1 0.58203125 0.46875 0.03125 0.0869140625
1 0.681640625 0.5400390625 0.021484375 0.0888671875
1 0.7294921875 0.5498046875 0.02734375 0.111328125
1 0.1494140625 0.8935546875 0.072265625 0.212890625
1 0.7802734375 0.4775390625 0.021484375 0.08203125
1 0.3125 0.91796875 0.0625 0.1640625
1 0.798828125 0.7900390625 0.0361328125 0.1435546875
0 0.7177734375 0.5615234375 0.0146484375 0.0234375
1 0.6005859375 0.4462890625 0.02734375 0.08984375
1 0.7158203125 0.51953125 0.029296875 0.109375
1 0.1884765625 0.5595703125 0.021484375 0.1552734375