1 0.8896484375 0.5068359375 0.029296875 0.138671875
1 0.20703125 0.583984375 0.0390625 0.1513671875
1 0.716796875 0.8486328125 0.0654296875 0.2509765625
1 0.09375 0.58984375 0.0419921875 0.1572265625
1 0.1142578125 0.5068359375 0.0244140625 0.11328125
1 0.318359375 0.416015625 0.0361328125 0.0791015625
0 0.03125 0.603515625 0.01171875 0.0205078125
1 0.4814453125 0.5 0.017578125 0.1171875
1 0.1494140625 0.5908203125 0.033203125 0.1640625
1 0.01171875 0.5517578125 0.0234375 0.1298828125
1 0.5107421875 0.916015625 0.0546875 0.1669921875