1 0.458984375 0.638671875 0.037109375 0.1591796875
1 0.546875 0.732421875 0.03515625 0.1845703125
1 0.3515625 0.517578125 0.0263671875 0.0908203125
1 0.0400390625 0.6611328125 0.0361328125 0.1357421875
1 0.755859375 0.5986328125 0.02734375 0.1240234375
1 0.1171875 0.5224609375 0.0263671875 0.0966796875
1 0.7919921875 0.541015625 0.0283203125 0.1103515625
1 0.5361328125 0.9169921875 0.03515625 0.1650390625
1 0.5419921875 0.576171875 0.0263671875 0.126953125
1 0.5380859375 0.5517578125 0.0458984375 0.0986328125
0 0.5244140625 0.5869140625 0.01171875 0.025390625