1 0.2724609375 0.873046875 0.064453125 0.2255859375
1 0.1513671875 0.5126953125 0.037109375 0.1103515625
1 0.4833984375 0.642578125 0.03125 0.142578125
1 0.4794921875 0.5322265625 0.025390625 0.11328125
1 0.2802734375 0.48828125 0.01953125 0.09765625
0 0.62109375 0.5556640625 0.0068359375 0.0146484375
1 0.080078125 0.6435546875 0.048828125 0.1416015625
1 0.3916015625 0.458984375 0.0185546875 0.0859375
1 0.6376953125 0.513671875 0.0205078125 0.09765625
1 0.8447265625 0.51171875 0.0185546875 0.087890625
1 0.4296875 0.916015625 0.05859375 0.16796875
1 0.447265625 0.4462890625 0.0166015625 0.0732421875
1 0.916015625 0.857421875 0.0400390625 0.1533203125