0 0.5966796875 0.79296875 0.013671875 0.0244140625
1 0.029296875 0.8486328125 0.05859375 0.251953125
1 0.56640625 0.6630859375 0.052734375 0.169921875
1 0.509765625 0.525390625 0.03125 0.1103515625
1 0.6083984375 0.7080078125 0.0537109375 0.185546875
1 0.328125 0.5419921875 0.0439453125 0.1201171875
1 0.8125 0.861328125 0.046875 0.2099609375
1 0.3037109375 0.4560546875 0.0205078125 0.099609375
1 0.1220703125 0.6181640625 0.0361328125 0.1728515625
1 0.5322265625 0.4091796875 0.01953125 0.0810546875
1 0.333984375 0.951171875 0.064453125 0.09765625
1 0.1083984375 0.6103515625 0.0361328125 0.1640625