0 0.3837890625 0.7705078125 0.0126953125 0.0224609375
1 0.9130859375 0.822265625 0.0615234375 0.2333984375
1 0.412109375 0.650390625 0.048828125 0.1572265625
1 0.46484375 0.5224609375 0.0283203125 0.1015625
1 0.373046875 0.69140625 0.0498046875 0.171875
1 0.6328125 0.5380859375 0.041015625 0.111328125
1 0.1845703125 0.8330078125 0.04296875 0.1943359375
1 0.65625 0.4580078125 0.01953125 0.0927734375
1 0.82421875 0.6083984375 0.033203125 0.16015625
1 0.4443359375 0.4150390625 0.017578125 0.0751953125
1 0.6279296875 0.935546875 0.0595703125 0.12890625
1 0.8369140625 0.6015625 0.0341796875 0.1513671875