1 0.75 0.7880859375 0.0458984375 0.224609375
1 0.5654296875 0.4921875 0.041015625 0.1064453125
1 0.08203125 0.74609375 0.0673828125 0.1923828125
1 0.693359375 0.5126953125 0.037109375 0.1044921875
1 0.4462890625 0.5478515625 0.0302734375 0.1259765625
1 0.7080078125 0.4482421875 0.01953125 0.0810546875
1 0.669921875 0.447265625 0.01953125 0.078125
1 0.345703125 0.482421875 0.0185546875 0.0771484375
1 0.93359375 0.47265625 0.025390625 0.09375
0 0.24609375 0.576171875 0.0087890625 0.015625
1 0.3642578125 0.4755859375 0.017578125 0.0908203125
1 0.5078125 0.9248046875 0.0517578125 0.146484375