0 0.5322265625 0.603515625 0.01171875 0.01953125
1 0.6220703125 0.474609375 0.025390625 0.1103515625
1 0.2880859375 0.83984375 0.064453125 0.234375
1 0.3291015625 0.50390625 0.021484375 0.1103515625
1 0.4638671875 0.576171875 0.0498046875 0.130859375
1 0.5869140625 0.5380859375 0.0341796875 0.1298828125
1 0.7451171875 0.54296875 0.02734375 0.1416015625
1 0.0458984375 0.4892578125 0.0283203125 0.1181640625
1 0.509765625 0.427734375 0.0234375 0.08203125
1 0.921875 0.4716796875 0.0263671875 0.1025390625
1 0.85546875 0.7958984375 0.052734375 0.205078125
1 0.486328125 0.9140625 0.046875 0.171875
1 0.9775390625 0.880859375 0.04296875 0.21875