1 0.697265625 0.4638671875 0.01953125 0.09375
1 0.912109375 0.4619140625 0.0234375 0.095703125
1 0.546875 0.4580078125 0.015625 0.087890625
1 0.38671875 0.48046875 0.021484375 0.099609375
1 0.763671875 0.4794921875 0.0244140625 0.119140625
1 0.984375 0.490234375 0.021484375 0.1015625
1 0.0361328125 0.900390625 0.0712890625 0.19921875
1 0.37109375 0.435546875 0.015625 0.0830078125
1 0.982421875 0.86328125 0.03515625 0.21875
1 0.7568359375 0.92578125 0.05859375 0.1484375
1 0.8466796875 0.4287109375 0.0244140625 0.0615234375
0 0.828125 0.4462890625 0.0087890625 0.0185546875