1 0.7412109375 0.505859375 0.0283203125 0.0986328125
1 0.451171875 0.8525390625 0.03515625 0.1962890625
1 0.2314453125 0.513671875 0.0283203125 0.107421875
1 0.9130859375 0.564453125 0.0341796875 0.1318359375
1 0.314453125 0.5166015625 0.0205078125 0.099609375
1 0.388671875 0.4462890625 0.0166015625 0.087890625
1 0.3134765625 0.4423828125 0.0166015625 0.064453125
1 0.1318359375 0.80078125 0.04296875 0.197265625
1 0.21484375 0.484375 0.015625 0.08203125
1 0.162109375 0.849609375 0.037109375 0.2236328125
1 0.3466796875 0.4228515625 0.013671875 0.0615234375
0 0.3662109375 0.462890625 0.01171875 0.01953125