0 0.521484375 0.5947265625 0.0078125 0.0166015625
1 0.6328125 0.8662109375 0.056640625 0.2197265625
1 0.6572265625 0.50390625 0.021484375 0.0869140625
1 0.5400390625 0.55078125 0.0498046875 0.0966796875
1 0.775390625 0.578125 0.0400390625 0.1298828125
1 0.837890625 0.634765625 0.0283203125 0.1572265625
1 0.4111328125 0.5634765625 0.0390625 0.0869140625
1 0.314453125 0.48828125 0.0205078125 0.0830078125
1 0.0361328125 0.54296875 0.0283203125 0.0927734375
1 0.51171875 0.921875 0.0400390625 0.1533203125
1 0.60546875 0.5380859375 0.0283203125 0.072265625
1 0.267578125 0.9375 0.0576171875 0.1162109375