1 0.3134765625 0.5517578125 0.0224609375 0.123046875
1 0.513671875 0.62109375 0.0458984375 0.1455078125
1 0.11328125 0.607421875 0.03515625 0.1474609375
1 0.421875 0.833984375 0.052734375 0.2265625
1 0.8740234375 0.6982421875 0.04296875 0.189453125
0 0.513671875 0.669921875 0.0126953125 0.0224609375
1 0.2080078125 0.662109375 0.0322265625 0.1513671875
1 0.4716796875 0.482421875 0.021484375 0.095703125
1 0.76171875 0.6181640625 0.0390625 0.1474609375
1 0.8984375 0.478515625 0.0283203125 0.0986328125
1 0.2734375 0.9228515625 0.056640625 0.1533203125