1 0.26171875 0.5888671875 0.0205078125 0.1162109375
1 0.4345703125 0.60546875 0.0400390625 0.1357421875
1 0.6064453125 0.65234375 0.0556640625 0.1533203125
1 0.376953125 0.53515625 0.021484375 0.0888671875
1 0.7763671875 0.892578125 0.052734375 0.2138671875
1 0.830078125 0.54296875 0.01953125 0.1142578125
1 0.140625 0.583984375 0.0244140625 0.1201171875
1 0.2021484375 0.509765625 0.0205078125 0.080078125
1 0.328125 0.4775390625 0.017578125 0.078125
1 0.3056640625 0.4736328125 0.013671875 0.078125
1 0.1298828125 0.853515625 0.037109375 0.205078125
1 0.3935546875 0.919921875 0.064453125 0.14453125
0 0.2568359375 0.513671875 0.0126953125 0.0205078125