1 0.533203125 0.4912109375 0.033203125 0.0966796875
1 0.0478515625 0.6494140625 0.0390625 0.1728515625
0 0.6064453125 0.5693359375 0.0087890625 0.0146484375
1 0.3662109375 0.4931640625 0.033203125 0.1005859375
1 0.1640625 0.892578125 0.0703125 0.21484375
1 0.474609375 0.5517578125 0.021484375 0.1103515625
1 0.7216796875 0.5537109375 0.0322265625 0.1005859375
1 0.1005859375 0.583984375 0.0234375 0.142578125
1 0.7666015625 0.4814453125 0.021484375 0.0791015625
1 0.6103515625 0.4990234375 0.048828125 0.0947265625
1 0.314453125 0.919921875 0.0615234375 0.16015625
1 0.80078125 0.794921875 0.0361328125 0.14453125