1 0.8447265625 0.4970703125 0.0263671875 0.125
1 0.2265625 0.56640625 0.03515625 0.13671875
1 0.6884765625 0.8056640625 0.0595703125 0.2265625
1 0.125 0.5712890625 0.0380859375 0.1416015625
1 0.142578125 0.4970703125 0.0224609375 0.1025390625
1 0.328125 0.4150390625 0.0322265625 0.0712890625
0 0.0673828125 0.583984375 0.0107421875 0.0185546875
1 0.474609375 0.4912109375 0.015625 0.10546875
1 0.1748046875 0.5732421875 0.0302734375 0.1484375
1 0.0380859375 0.537109375 0.044921875 0.1171875
1 0.501953125 0.8955078125 0.0498046875 0.2080078125