1 0.4248046875 0.4638671875 0.021484375 0.103515625
1 0.37890625 0.4716796875 0.0205078125 0.1064453125
1 0.79296875 0.4814453125 0.037109375 0.1220703125
1 0.7080078125 0.4384765625 0.021484375 0.0908203125
1 0.3232421875 0.4248046875 0.0146484375 0.0771484375
1 0.02734375 0.4619140625 0.0263671875 0.08984375
1 0.595703125 0.42578125 0.021484375 0.0869140625
1 0.2099609375 0.4013671875 0.0146484375 0.076171875
1 0.7158203125 0.9375 0.0625 0.1162109375
1 0.2509765625 0.900390625 0.0615234375 0.1640625
1 0.2275390625 0.4072265625 0.0263671875 0.0712890625
0 0.2001953125 0.4326171875 0.009765625 0.01953125