1 0.7265625 0.8828125 0.046875 0.234375
1 0.6298828125 0.56640625 0.0234375 0.1201171875
1 0.8955078125 0.6865234375 0.046875 0.1787109375
1 0.931640625 0.515625 0.0205078125 0.1171875
0 0.572265625 0.4853515625 0.0078125 0.013671875
1 0.59765625 0.4853515625 0.0263671875 0.1015625
1 0.5205078125 0.4365234375 0.015625 0.0751953125
1 0.6240234375 0.4658203125 0.0185546875 0.09375
1 0.306640625 0.5048828125 0.015625 0.103515625
1 0.1162109375 0.498046875 0.0185546875 0.0908203125
1 0.5498046875 0.4755859375 0.013671875 0.080078125
1 0.0556640625 0.876953125 0.04296875 0.1845703125
1 0.5546875 0.9208984375 0.060546875 0.1572265625