0 0.5078125 0.591796875 0.0078125 0.017578125
1 0.625 0.87890625 0.0595703125 0.2314453125
1 0.650390625 0.49609375 0.0224609375 0.091796875
1 0.52734375 0.5458984375 0.0517578125 0.1015625
1 0.775390625 0.57421875 0.0419921875 0.13671875
1 0.841796875 0.634765625 0.029296875 0.166015625
1 0.3916015625 0.5595703125 0.041015625 0.091796875
1 0.2890625 0.4794921875 0.0224609375 0.087890625
1 0.005859375 0.537109375 0.0107421875 0.09765625
1 0.4970703125 0.927734375 0.0419921875 0.1435546875
1 0.5966796875 0.5322265625 0.029296875 0.076171875
1 0.240234375 0.9462890625 0.060546875 0.107421875