1 0.427734375 0.509765625 0.029296875 0.1201171875
1 0.46875 0.552734375 0.029296875 0.1494140625
1 0.478515625 0.427734375 0.0224609375 0.0966796875
0 0.4375 0.5927734375 0.0107421875 0.01953125
1 0.6416015625 0.4033203125 0.0185546875 0.078125
1 0.3701171875 0.51171875 0.029296875 0.0703125
1 0.1064453125 0.48046875 0.041015625 0.1025390625
1 0.8125 0.4375 0.017578125 0.0947265625
1 0.388671875 0.923828125 0.0546875 0.15234375
1 0.6806640625 0.447265625 0.017578125 0.09375
1 0.9111328125 0.689453125 0.025390625 0.1015625
1 0.4697265625 0.453125 0.02734375 0.1015625