1 0.3193359375 0.4609375 0.017578125 0.0986328125
1 0.90625 0.8740234375 0.0703125 0.2490234375
1 0.673828125 0.484375 0.03125 0.1064453125
1 0.12109375 0.4541015625 0.0302734375 0.0927734375
1 0.0537109375 0.474609375 0.01953125 0.08984375
1 0.49609375 0.44140625 0.017578125 0.0849609375
1 0.2705078125 0.482421875 0.0205078125 0.1025390625
1 0.283203125 0.4482421875 0.013671875 0.076171875
1 0.025390625 0.8193359375 0.05078125 0.1875
1 0.66796875 0.4296875 0.013671875 0.087890625
1 0.17578125 0.408203125 0.01953125 0.0869140625
0 0.20703125 0.4296875 0.0126953125 0.01953125