1 0.3203125 0.8291015625 0.0595703125 0.2412109375
1 0.447265625 0.5009765625 0.0234375 0.1201171875
1 0.5751953125 0.4697265625 0.0205078125 0.115234375
1 0.8173828125 0.513671875 0.03515625 0.1337890625
1 0.3515625 0.484375 0.025390625 0.1103515625
1 0.9189453125 0.7880859375 0.0556640625 0.2216796875
1 0.185546875 0.4560546875 0.0341796875 0.1083984375
1 0.9619140625 0.451171875 0.029296875 0.09765625
1 0.5361328125 0.41796875 0.01953125 0.1005859375
1 0.26171875 0.53125 0.029296875 0.125
0 0.3662109375 0.51953125 0.0068359375 0.013671875
1 0.2880859375 0.4775390625 0.021484375 0.0869140625