1 0.416015625 0.505859375 0.01953125 0.111328125
1 0.6630859375 0.84375 0.052734375 0.2236328125
1 0.556640625 0.580078125 0.025390625 0.1337890625
1 0.6962890625 0.494140625 0.0224609375 0.0927734375
1 0.748046875 0.52734375 0.0185546875 0.1162109375
1 0.4697265625 0.4482421875 0.01953125 0.0859375
1 0.1591796875 0.5654296875 0.029296875 0.130859375
1 0.0810546875 0.4892578125 0.0224609375 0.08984375
1 0.1083984375 0.80078125 0.0458984375 0.197265625
0 0.697265625 0.5693359375 0.0126953125 0.021484375
1 0.71875 0.5390625 0.0380859375 0.109375