1 0.666015625 0.650390625 0.0400390625 0.1357421875
1 0.865234375 0.5439453125 0.052734375 0.1201171875
1 0.533203125 0.62109375 0.033203125 0.140625
1 0.66796875 0.5126953125 0.041015625 0.0966796875
1 0.5302734375 0.494140625 0.0341796875 0.1025390625
1 0.36328125 0.4970703125 0.0146484375 0.1083984375
1 0.44140625 0.52734375 0.0302734375 0.1142578125
1 0.2822265625 0.47265625 0.0234375 0.0859375
1 0.189453125 0.71875 0.0263671875 0.1484375
1 0.4189453125 0.455078125 0.017578125 0.0791015625
1 0.6806640625 0.935546875 0.0537109375 0.1279296875
0 0.6552734375 0.6826171875 0.013671875 0.0234375