1 0.326171875 0.5283203125 0.0224609375 0.1142578125
1 0.345703125 0.4462890625 0.017578125 0.0947265625
1 0.1728515625 0.5322265625 0.0234375 0.12890625
1 0.2177734375 0.50390625 0.0283203125 0.11328125
0 0.2001953125 0.5859375 0.009765625 0.017578125
1 0.4677734375 0.4794921875 0.0185546875 0.1123046875
1 0.8271484375 0.56640625 0.0439453125 0.1455078125
1 0.8212890625 0.9013671875 0.076171875 0.197265625
1 0.8603515625 0.6298828125 0.0419921875 0.1845703125
1 0.134765625 0.46875 0.03125 0.083984375
1 0.6455078125 0.92578125 0.064453125 0.1484375
1 0.1220703125 0.8037109375 0.0400390625 0.16015625