1 0.65234375 0.607421875 0.0302734375 0.12890625
1 0.2119140625 0.623046875 0.029296875 0.1318359375
1 0.2978515625 0.546875 0.01953125 0.0966796875
1 0.5576171875 0.587890625 0.0205078125 0.130859375
1 0.6005859375 0.5224609375 0.0244140625 0.09765625
1 0.4462890625 0.5419921875 0.0283203125 0.0849609375
1 0.1181640625 0.5888671875 0.0498046875 0.1005859375
1 0.9912109375 0.6220703125 0.017578125 0.134765625
1 0.013671875 0.810546875 0.02734375 0.189453125
1 0.0966796875 0.8837890625 0.0439453125 0.212890625
0 0.119140625 0.619140625 0.0146484375 0.0302734375