0 0.361328125 0.5712890625 0.0087890625 0.017578125
1 0.4365234375 0.58203125 0.025390625 0.1396484375
1 0.349609375 0.51953125 0.0419921875 0.095703125
1 0.2998046875 0.5654296875 0.0302734375 0.095703125
1 0.4306640625 0.4765625 0.0234375 0.0810546875
1 0.5751953125 0.4365234375 0.0185546875 0.076171875
1 0.490234375 0.5048828125 0.0302734375 0.1005859375
1 0.0732421875 0.5263671875 0.0283203125 0.1142578125
1 0.623046875 0.4853515625 0.017578125 0.091796875
1 0.7197265625 0.466796875 0.017578125 0.0859375
1 0.328125 0.9296875 0.0517578125 0.1376953125
1 0.8134765625 0.7177734375 0.0224609375 0.140625