1 0.681640625 0.5419921875 0.0234375 0.130859375
1 0.46875 0.615234375 0.048828125 0.154296875
1 0.8935546875 0.6005859375 0.037109375 0.15625
1 0.56640625 0.841796875 0.0556640625 0.240234375
1 0.0869140625 0.6982421875 0.0458984375 0.201171875
0 0.4697265625 0.66796875 0.013671875 0.0234375
1 0.79296875 0.6591796875 0.0341796875 0.16015625
1 0.513671875 0.4677734375 0.0234375 0.1015625
1 0.2060546875 0.6123046875 0.041015625 0.15625
1 0.0615234375 0.4638671875 0.0302734375 0.10546875
1 0.7236328125 0.9267578125 0.060546875 0.146484375