1 0.22265625 0.810546875 0.03515625 0.2216796875
1 0.650390625 0.5380859375 0.0283203125 0.1025390625
1 0.40625 0.453125 0.017578125 0.091796875
1 0.3203125 0.501953125 0.01953125 0.109375
1 0.5888671875 0.48046875 0.0205078125 0.099609375
1 0.70703125 0.4580078125 0.0234375 0.095703125
1 0.5673828125 0.4765625 0.017578125 0.1005859375
1 0.8046875 0.484375 0.0224609375 0.0869140625
1 0.76171875 0.4736328125 0.01953125 0.0791015625
1 0.826171875 0.7861328125 0.037109375 0.18359375
0 0.8134765625 0.505859375 0.0107421875 0.0146484375