1 0.787109375 0.544921875 0.0263671875 0.103515625
1 0.767578125 0.8876953125 0.0595703125 0.216796875
1 0.2353515625 0.607421875 0.0302734375 0.123046875
1 0.7353515625 0.6630859375 0.0361328125 0.15625
1 0.400390625 0.53515625 0.01953125 0.08984375
1 0.48046875 0.595703125 0.0361328125 0.126953125
1 0.138671875 0.5859375 0.0244140625 0.1201171875
1 0.3583984375 0.4833984375 0.0185546875 0.078125
1 0.0458984375 0.82421875 0.064453125 0.1923828125
1 0.125 0.84375 0.0361328125 0.1611328125
0 0.498046875 0.6484375 0.0087890625 0.009765625
1 0.345703125 0.4638671875 0.0205078125 0.0830078125
1 0.2119140625 0.5087890625 0.0302734375 0.0537109375
0 0.21875 0.521484375 0.013671875 0.025390625