0 0.4052734375 0.5625 0.0068359375 0.0126953125
1 0.75 0.810546875 0.0458984375 0.208984375
1 0.892578125 0.578125 0.037109375 0.130859375
1 0.3388671875 0.544921875 0.02734375 0.1142578125
1 0.583984375 0.5556640625 0.0341796875 0.119140625
1 0.4248046875 0.5107421875 0.0244140625 0.1025390625
1 0.193359375 0.595703125 0.0185546875 0.115234375
1 0.2978515625 0.55078125 0.0224609375 0.11328125
1 0.283203125 0.826171875 0.037109375 0.193359375
1 0.2158203125 0.5009765625 0.021484375 0.0849609375
1 0.2646484375 0.505859375 0.017578125 0.0927734375
1 0.15234375 0.857421875 0.0400390625 0.193359375
1 0.5234375 0.4755859375 0.021484375 0.0625