0 0.2900390625 0.70703125 0.0107421875 0.01953125
1 0.7861328125 0.8369140625 0.0537109375 0.234375
1 0.328125 0.6787109375 0.0390625 0.1474609375
1 0.646484375 0.607421875 0.0439453125 0.1416015625
1 0.19921875 0.6318359375 0.03125 0.1357421875
1 0.26171875 0.7783203125 0.041015625 0.1884765625
1 0.0654296875 0.599609375 0.033203125 0.1181640625
1 0.2626953125 0.6240234375 0.025390625 0.111328125
1 0.73046875 0.525390625 0.025390625 0.1005859375
1 0.6845703125 0.5458984375 0.02734375 0.08984375
1 0.908203125 0.5185546875 0.0263671875 0.095703125