1 0.0390625 0.5966796875 0.0625 0.169921875
1 0.7998046875 0.5703125 0.037109375 0.15234375
1 0.50390625 0.591796875 0.0390625 0.1728515625
1 0.8232421875 0.6923828125 0.0380859375 0.18359375
1 0.5859375 0.412109375 0.025390625 0.08203125
1 0.8955078125 0.49609375 0.02734375 0.0966796875
1 0.5048828125 0.4482421875 0.01953125 0.0947265625
1 0.9794921875 0.8740234375 0.0400390625 0.2490234375
0 0.88671875 0.5341796875 0.0078125 0.0146484375
1 0.306640625 0.9462890625 0.0625 0.107421875
1 0.5029296875 0.5263671875 0.0244140625 0.0458984375