1 0.56640625 0.5185546875 0.03125 0.12109375
1 0.380859375 0.50390625 0.025390625 0.1044921875
1 0.9052734375 0.8154296875 0.060546875 0.2333984375
1 0.646484375 0.4541015625 0.021484375 0.0927734375
0 0.541015625 0.75390625 0.0126953125 0.0263671875
1 0.2890625 0.8330078125 0.0458984375 0.201171875
1 0.525390625 0.41015625 0.0263671875 0.076171875
1 0.875 0.6064453125 0.029296875 0.15234375
1 0.51953125 0.7060546875 0.052734375 0.181640625
1 0.6240234375 0.9287109375 0.056640625 0.1376953125
1 0.8564453125 0.5947265625 0.025390625 0.0595703125
1 0.48046875 0.6962890625 0.046875 0.2060546875