1 0.3857421875 0.544921875 0.01953125 0.1015625
1 0.404296875 0.4716796875 0.015625 0.083984375
1 0.2490234375 0.5478515625 0.0205078125 0.115234375
1 0.2890625 0.5224609375 0.025390625 0.1005859375
0 0.2734375 0.595703125 0.0087890625 0.015625
1 0.5126953125 0.5009765625 0.0166015625 0.099609375
1 0.833984375 0.5791015625 0.0400390625 0.1298828125
1 0.8291015625 0.89453125 0.068359375 0.2099609375
1 0.86328125 0.634765625 0.037109375 0.1650390625
1 0.21484375 0.4912109375 0.02734375 0.0751953125
1 0.6728515625 0.9169921875 0.05859375 0.166015625
1 0.2041015625 0.791015625 0.03515625 0.142578125