1 0.828125 0.89453125 0.0712890625 0.2109375
1 0.3232421875 0.650390625 0.0380859375 0.1533203125
1 0.466796875 0.4580078125 0.0244140625 0.0830078125
1 0.2607421875 0.56640625 0.025390625 0.1181640625
1 0.5732421875 0.5498046875 0.0322265625 0.1171875
1 0.6044921875 0.529296875 0.0400390625 0.1103515625
1 0.3310546875 0.5 0.025390625 0.095703125
0 0.572265625 0.6689453125 0.013671875 0.021484375
1 0.2041015625 0.48828125 0.0244140625 0.083984375
1 0.6650390625 0.91796875 0.0595703125 0.1640625
1 0.3115234375 0.63671875 0.03515625 0.1376953125