1 0.4306640625 0.5009765625 0.015625 0.10546875
1 0.6591796875 0.8408203125 0.0537109375 0.2236328125
1 0.5546875 0.6171875 0.0361328125 0.142578125
1 0.66796875 0.5185546875 0.02734375 0.1064453125
1 0.77734375 0.54296875 0.0400390625 0.12109375
1 0.107421875 0.5712890625 0.03125 0.1328125
1 0.4638671875 0.4375 0.0146484375 0.080078125
1 0.6884765625 0.494140625 0.01953125 0.0830078125
1 0.09375 0.490234375 0.0224609375 0.095703125
1 0.111328125 0.7978515625 0.0478515625 0.1962890625
0 0.6982421875 0.5556640625 0.0068359375 0.0126953125