1 0.3193359375 0.607421875 0.044921875 0.12890625
1 0.5205078125 0.5263671875 0.0263671875 0.115234375
1 0.2236328125 0.5029296875 0.0302734375 0.1015625
1 0.13671875 0.69921875 0.0400390625 0.1796875
1 0.18359375 0.591796875 0.0458984375 0.142578125
1 0.4755859375 0.5126953125 0.03515625 0.1142578125
1 0.607421875 0.876953125 0.05859375 0.23828125
1 0.4541015625 0.9248046875 0.052734375 0.1494140625
0 0.44921875 0.560546875 0.009765625 0.013671875
1 0.9091796875 0.4853515625 0.0234375 0.10546875
1 0.2021484375 0.9482421875 0.0732421875 0.103515625
1 0.2158203125 0.4453125 0.02734375 0.0732421875