1 0.7275390625 0.873046875 0.044921875 0.2314453125
1 0.6357421875 0.56640625 0.0224609375 0.115234375
1 0.8896484375 0.6806640625 0.044921875 0.1708984375
1 0.923828125 0.517578125 0.01953125 0.1123046875
0 0.580078125 0.4892578125 0.0078125 0.0126953125
1 0.6044921875 0.48828125 0.025390625 0.09765625
1 0.5302734375 0.44140625 0.0146484375 0.072265625
1 0.6298828125 0.4697265625 0.017578125 0.08984375
1 0.326171875 0.5078125 0.0146484375 0.0986328125
1 0.1435546875 0.5009765625 0.0185546875 0.0869140625
1 0.55859375 0.4794921875 0.013671875 0.0771484375
1 0.0849609375 0.86328125 0.041015625 0.1767578125
1 0.5634765625 0.9150390625 0.05859375 0.169921875