1 0.75390625 0.8125 0.033203125 0.2119140625
1 0.34375 0.55078125 0.02734375 0.0986328125
1 0.578125 0.4697265625 0.017578125 0.087890625
1 0.66015625 0.517578125 0.0185546875 0.1044921875
1 0.40234375 0.49609375 0.01953125 0.095703125
1 0.2900390625 0.474609375 0.0224609375 0.091796875
1 0.4228515625 0.4921875 0.017578125 0.0966796875
1 0.1962890625 0.5 0.021484375 0.0830078125
1 0.2373046875 0.490234375 0.0185546875 0.076171875
1 0.17578125 0.7890625 0.0361328125 0.17578125
0 0.1875 0.5205078125 0.009765625 0.013671875