1 0.158203125 0.8896484375 0.078125 0.220703125
1 0.708984375 0.62890625 0.0419921875 0.16796875
1 0.5517578125 0.4189453125 0.0263671875 0.0908203125
1 0.7763671875 0.537109375 0.02734375 0.1298828125
1 0.4345703125 0.5185546875 0.03515625 0.12890625
1 0.4013671875 0.49609375 0.04296875 0.1201171875
1 0.69921875 0.4638671875 0.0283203125 0.1044921875
0 0.435546875 0.6494140625 0.015625 0.0234375
1 0.8388671875 0.4521484375 0.0263671875 0.091796875
1 0.3349609375 0.916015625 0.064453125 0.16796875
1 0.720703125 0.6142578125 0.0390625 0.150390625