1 0.4775390625 0.48046875 0.025390625 0.11328125
0 0.234375 0.6845703125 0.0126953125 0.021484375
1 0.4853515625 0.8388671875 0.0458984375 0.2353515625
1 0.5361328125 0.6240234375 0.0302734375 0.166015625
1 0.7763671875 0.7080078125 0.0439453125 0.1875
1 0.130859375 0.513671875 0.029296875 0.1162109375
1 0.607421875 0.509765625 0.0244140625 0.1201171875
1 0.783203125 0.5556640625 0.029296875 0.1474609375
1 0.154296875 0.578125 0.041015625 0.1416015625
1 0.9306640625 0.55078125 0.0390625 0.140625
1 0.6376953125 0.91796875 0.056640625 0.1640625