1 0.4638671875 0.5 0.0322265625 0.0947265625
1 0.9384765625 0.6552734375 0.0380859375 0.169921875
0 0.392578125 0.576171875 0.0087890625 0.0146484375
1 0.626953125 0.501953125 0.0322265625 0.0986328125
1 0.826171875 0.8935546875 0.068359375 0.208984375
1 0.5205078125 0.55859375 0.0205078125 0.1083984375
1 0.279296875 0.5615234375 0.0322265625 0.0986328125
1 0.88671875 0.58984375 0.0224609375 0.1396484375
1 0.2353515625 0.490234375 0.0205078125 0.078125
1 0.388671875 0.5078125 0.0478515625 0.0927734375
1 0.677734375 0.919921875 0.060546875 0.1572265625
1 0.2021484375 0.7978515625 0.03515625 0.1416015625