1 0.6904296875 0.8544921875 0.0654296875 0.236328125
1 0.4013671875 0.515625 0.02734375 0.0947265625
1 0.2724609375 0.6337890625 0.0390625 0.1455078125
1 0.435546875 0.5361328125 0.0341796875 0.1181640625
1 0.662109375 0.4990234375 0.0205078125 0.11328125
1 0.84375 0.6025390625 0.0302734375 0.1552734375
1 0.072265625 0.8154296875 0.0537109375 0.205078125
1 0.3876953125 0.4267578125 0.013671875 0.0810546875
1 0.443359375 0.453125 0.0205078125 0.080078125
1 0.11328125 0.4833984375 0.0234375 0.09375
1 0.0302734375 0.5634765625 0.02734375 0.126953125
0 0.4091796875 0.552734375 0.0087890625 0.01953125
1 0.4912109375 0.9228515625 0.04296875 0.1533203125
1 0.009765625 0.8935546875 0.01953125 0.2119140625