0 0.5654296875 0.6259765625 0.01171875 0.0205078125
1 0.658203125 0.4921875 0.0263671875 0.1142578125
1 0.3134765625 0.87109375 0.06640625 0.2421875
1 0.35546875 0.5224609375 0.0224609375 0.1142578125
1 0.4951171875 0.5966796875 0.0517578125 0.1357421875
1 0.6220703125 0.5576171875 0.03515625 0.134765625
1 0.7861328125 0.5625 0.0283203125 0.146484375
1 0.0634765625 0.5068359375 0.029296875 0.123046875
1 0.5419921875 0.443359375 0.0244140625 0.0849609375
1 0.96875 0.4892578125 0.02734375 0.1064453125
1 0.8994140625 0.82421875 0.0546875 0.2119140625
1 0.5166015625 0.9296875 0.0498046875 0.140625