1 0.236328125 0.62890625 0.0341796875 0.125
1 0.3095703125 0.5146484375 0.0205078125 0.0947265625
1 0.4970703125 0.4912109375 0.01953125 0.08203125
1 0.2119140625 0.4755859375 0.0205078125 0.083984375
1 0.25 0.4853515625 0.015625 0.0908203125
1 0.380859375 0.470703125 0.017578125 0.078125
1 0.107421875 0.517578125 0.0185546875 0.0927734375
1 0.365234375 0.482421875 0.01953125 0.0615234375
0 0.390625 0.4990234375 0.005859375 0.009765625
1 0.0126953125 0.908203125 0.025390625 0.18359375
1 0.32421875 0.9453125 0.05859375 0.109375