1 0.791015625 0.900390625 0.06640625 0.19921875
1 0.6630859375 0.5712890625 0.0458984375 0.1064453125
1 0.3935546875 0.50390625 0.0244140625 0.1083984375
1 0.9716796875 0.6767578125 0.056640625 0.1748046875
1 0.7080078125 0.5126953125 0.0234375 0.09765625
1 0.54296875 0.5498046875 0.033203125 0.11328125
1 0.17578125 0.5078125 0.0302734375 0.0859375
1 0.904296875 0.6171875 0.0546875 0.1533203125
1 0.9775390625 0.5439453125 0.0224609375 0.1162109375
1 0.39453125 0.6025390625 0.0439453125 0.1376953125
1 0.12109375 0.876953125 0.0380859375 0.21484375
0 0.53125 0.5810546875 0.0078125 0.015625