1 0.349609375 0.6005859375 0.037109375 0.1376953125
1 0.0966796875 0.6328125 0.0361328125 0.1328125
1 0.9384765625 0.60546875 0.037109375 0.1357421875
1 0.376953125 0.4853515625 0.01953125 0.087890625
1 0.521484375 0.5341796875 0.0322265625 0.1123046875
1 0.2734375 0.505859375 0.01953125 0.095703125
1 0.798828125 0.494140625 0.0205078125 0.091796875
1 0.3203125 0.4775390625 0.021484375 0.08203125
1 0.48828125 0.4599609375 0.0205078125 0.07421875
1 0.9580078125 0.884765625 0.0576171875 0.1826171875
0 0.40234375 0.494140625 0.009765625 0.013671875
1 0.4384765625 0.9404296875 0.0556640625 0.1181640625