1 0.7685546875 0.65234375 0.0478515625 0.162109375
1 0.2880859375 0.548828125 0.0302734375 0.1318359375
1 0.1435546875 0.6962890625 0.0458984375 0.1640625
1 0.4091796875 0.8349609375 0.04296875 0.224609375
1 0.4501953125 0.5 0.02734375 0.103515625
1 0.4365234375 0.646484375 0.025390625 0.1650390625
0 0.64453125 0.6689453125 0.0126953125 0.0224609375
1 0.1025390625 0.5986328125 0.0322265625 0.14453125
1 0.904296875 0.4814453125 0.0283203125 0.095703125
1 0.7861328125 0.544921875 0.0244140625 0.046875
1 0.2607421875 0.923828125 0.05859375 0.150390625