1 0.7255859375 0.8740234375 0.044921875 0.23046875
1 0.931640625 0.51171875 0.017578125 0.1162109375
1 0.6435546875 0.5458984375 0.0224609375 0.107421875
1 0.5361328125 0.47265625 0.0244140625 0.09375
1 0.4765625 0.466796875 0.0146484375 0.091796875
1 0.78515625 0.6953125 0.0537109375 0.1767578125
1 0.6572265625 0.466796875 0.01953125 0.0869140625
1 0.314453125 0.5078125 0.0234375 0.1064453125
1 0.1337890625 0.4931640625 0.0224609375 0.0869140625
1 0.564453125 0.9150390625 0.05859375 0.169921875
1 0.078125 0.861328125 0.041015625 0.1787109375