1 0.7451171875 0.8076171875 0.0458984375 0.232421875
1 0.580078125 0.4541015625 0.0185546875 0.091796875
1 0.38671875 0.4658203125 0.01953125 0.1044921875
1 0.6728515625 0.5 0.0263671875 0.1083984375
1 0.34765625 0.5126953125 0.02734375 0.095703125
1 0.158203125 0.4814453125 0.01953125 0.0927734375
1 0.3056640625 0.451171875 0.025390625 0.08203125
1 0.1484375 0.794921875 0.0478515625 0.173828125
1 0.1123046875 0.861328125 0.04296875 0.2099609375
1 0.2607421875 0.4462890625 0.0224609375 0.0810546875
0 0.232421875 0.4931640625 0.0166015625 0.025390625
1 0.259765625 0.4716796875 0.044921875 0.0791015625