1 0.6416015625 0.6103515625 0.0380859375 0.1396484375
1 0.8984375 0.642578125 0.0361328125 0.134765625
1 0.04296875 0.6142578125 0.0380859375 0.1376953125
1 0.6142578125 0.4931640625 0.01953125 0.0888671875
1 0.466796875 0.54296875 0.0322265625 0.11328125
1 0.7197265625 0.513671875 0.01953125 0.09765625
1 0.1845703125 0.501953125 0.0205078125 0.09375
1 0.6708984375 0.4853515625 0.021484375 0.0830078125
1 0.5009765625 0.466796875 0.0205078125 0.0751953125
1 0.0263671875 0.8984375 0.0517578125 0.185546875
0 0.587890625 0.5009765625 0.009765625 0.0146484375
1 0.5517578125 0.947265625 0.056640625 0.10546875