1 0.2861328125 0.5244140625 0.0224609375 0.1171875
1 0.4130859375 0.5048828125 0.0244140625 0.0947265625
1 0.388671875 0.5322265625 0.0234375 0.09375
1 0.734375 0.5908203125 0.041015625 0.1279296875
0 0.5185546875 0.6064453125 0.0087890625 0.017578125
1 0.1591796875 0.51171875 0.02734375 0.0986328125
1 0.7763671875 0.5771484375 0.0517578125 0.119140625
1 0.3330078125 0.732421875 0.0419921875 0.1884765625
1 0.9716796875 0.873046875 0.056640625 0.2431640625
1 0.5107421875 0.470703125 0.0263671875 0.083984375
1 0.3310546875 0.4296875 0.017578125 0.078125