0 0.349609375 0.634765625 0.009765625 0.017578125
1 0.392578125 0.517578125 0.033203125 0.09375
1 0.5537109375 0.7587890625 0.0283203125 0.1875
1 0.576171875 0.5673828125 0.0361328125 0.130859375
1 0.806640625 0.5439453125 0.017578125 0.115234375
1 0.5185546875 0.640625 0.0302734375 0.1552734375
1 0.7578125 0.603515625 0.0341796875 0.111328125
1 0.53125 0.5439453125 0.0283203125 0.1201171875
1 0.0810546875 0.6591796875 0.0302734375 0.13671875
1 0.13671875 0.515625 0.0361328125 0.0986328125
1 0.5224609375 0.9189453125 0.044921875 0.16015625