1 0.5234375 0.486328125 0.0185546875 0.119140625
1 0.3193359375 0.4521484375 0.0185546875 0.09765625
1 0.1787109375 0.46484375 0.017578125 0.1015625
1 0.55859375 0.4990234375 0.01953125 0.1171875
1 0.8896484375 0.4765625 0.0263671875 0.0966796875
1 0.5810546875 0.4482421875 0.0146484375 0.08984375
1 0.09765625 0.5234375 0.037109375 0.1328125
1 0.771484375 0.4248046875 0.0244140625 0.0703125
1 0.939453125 0.8515625 0.0458984375 0.20703125
1 0.6611328125 0.93359375 0.0673828125 0.1328125
1 0.75 0.423828125 0.03515625 0.0751953125