1 0.720703125 0.8896484375 0.046875 0.220703125
1 0.625 0.5810546875 0.0234375 0.119140625
1 0.8896484375 0.69921875 0.046875 0.177734375
1 0.9248046875 0.5302734375 0.01953125 0.1162109375
0 0.568359375 0.5 0.0078125 0.013671875
1 0.5927734375 0.5 0.0263671875 0.1005859375
1 0.5166015625 0.451171875 0.0146484375 0.0751953125
1 0.6201171875 0.48046875 0.0185546875 0.09375
1 0.3046875 0.51953125 0.0146484375 0.1025390625
1 0.115234375 0.5126953125 0.0185546875 0.0908203125
1 0.5458984375 0.490234375 0.013671875 0.080078125
1 0.0546875 0.888671875 0.04296875 0.18359375
1 0.5498046875 0.9267578125 0.060546875 0.146484375