1 0.6103515625 0.8662109375 0.0517578125 0.22265625
1 0.779296875 0.5947265625 0.02734375 0.1416015625
1 0.48828125 0.6064453125 0.044921875 0.1279296875
1 0.830078125 0.53515625 0.0341796875 0.1123046875
1 0.6376953125 0.5263671875 0.0361328125 0.0986328125
1 0.7509765625 0.5810546875 0.0302734375 0.123046875
1 0.44921875 0.537109375 0.0224609375 0.0986328125
1 0.48828125 0.916015625 0.0380859375 0.1640625
1 0.3388671875 0.47265625 0.0166015625 0.078125
0 0.4453125 0.625 0.0126953125 0.0234375
1 0.439453125 0.583984375 0.0361328125 0.107421875
1 0.009765625 0.5576171875 0.01953125 0.111328125