1 0.755859375 0.5390625 0.0234375 0.1220703125
1 0.7958984375 0.87890625 0.048828125 0.2421875
1 0.2734375 0.5087890625 0.02734375 0.087890625
1 0.5859375 0.501953125 0.0263671875 0.1015625
1 0.423828125 0.462890625 0.0234375 0.080078125
1 0.3232421875 0.470703125 0.0224609375 0.078125
1 0.279296875 0.873046875 0.05078125 0.208984375
1 0.18359375 0.5302734375 0.03125 0.1044921875
1 0.3486328125 0.4501953125 0.0234375 0.0712890625
1 0.115234375 0.890625 0.044921875 0.212890625
1 0.171875 0.80859375 0.041015625 0.203125
1 0.1875 0.474609375 0.021484375 0.0458984375