1 0.3408203125 0.4384765625 0.0185546875 0.087890625
1 0.138671875 0.4365234375 0.021484375 0.08984375
1 0.4814453125 0.4326171875 0.0146484375 0.08203125
1 0.6318359375 0.4541015625 0.0205078125 0.09375
1 0.2783203125 0.453125 0.0224609375 0.1123046875
1 0.0712890625 0.4638671875 0.01953125 0.095703125
1 0.9619140625 0.873046875 0.0693359375 0.23828125
1 0.646484375 0.412109375 0.0146484375 0.078125
1 0.060546875 0.8125 0.05859375 0.205078125
1 0.2841796875 0.888671875 0.0556640625 0.1728515625
1 0.201171875 0.4052734375 0.0234375 0.0576171875
0 0.2177734375 0.421875 0.0087890625 0.017578125