1 0.26953125 0.482421875 0.01953125 0.09765625
1 0.2666015625 0.876953125 0.0673828125 0.2333984375
1 0.09375 0.515625 0.03515625 0.1064453125
1 0.439453125 0.515625 0.0224609375 0.1015625
0 0.599609375 0.533203125 0.0078125 0.013671875
1 0.4658203125 0.61328125 0.0302734375 0.130859375
1 0.8408203125 0.509765625 0.0205078125 0.08984375
1 0.4580078125 0.44140625 0.015625 0.0751953125
1 0.650390625 0.51171875 0.03125 0.1015625
1 0.392578125 0.4560546875 0.0126953125 0.0859375
1 0.443359375 0.9169921875 0.05859375 0.166015625
1 0.9169921875 0.861328125 0.041015625 0.16015625