1 0.314453125 0.8623046875 0.0654296875 0.236328125
1 0.6025390625 0.5234375 0.02734375 0.0947265625
1 0.7314453125 0.6416015625 0.0390625 0.1455078125
1 0.5693359375 0.5439453125 0.0341796875 0.1181640625
1 0.341796875 0.5068359375 0.0205078125 0.11328125
1 0.1611328125 0.6103515625 0.0302734375 0.1552734375
1 0.931640625 0.822265625 0.0537109375 0.205078125
1 0.6162109375 0.4345703125 0.013671875 0.0810546875
1 0.560546875 0.4609375 0.0205078125 0.080078125
1 0.8916015625 0.4912109375 0.0234375 0.09375
1 0.9736328125 0.5712890625 0.02734375 0.126953125
0 0.5947265625 0.560546875 0.0087890625 0.01953125
1 0.513671875 0.9267578125 0.04296875 0.146484375
1 0.9921875 0.8974609375 0.015625 0.2041015625