1 0.220703125 0.5556640625 0.02734375 0.1083984375
1 0.2412109375 0.900390625 0.0625 0.19921875
1 0.796875 0.6201171875 0.03125 0.12890625
1 0.2744140625 0.6796875 0.0380859375 0.1630859375
1 0.6240234375 0.544921875 0.0205078125 0.09375
1 0.541015625 0.6083984375 0.0380859375 0.1328125
1 0.8974609375 0.5986328125 0.025390625 0.1259765625
1 0.6669921875 0.4912109375 0.01953125 0.0810546875
1 0.98046875 0.84765625 0.0390625 0.201171875
1 0.9111328125 0.8671875 0.0380859375 0.16796875
0 0.5224609375 0.6640625 0.0087890625 0.0107421875
1 0.6806640625 0.470703125 0.021484375 0.0869140625
1 0.8212890625 0.517578125 0.03125 0.0556640625
0 0.8134765625 0.53125 0.013671875 0.0263671875