1 0.30859375 0.6728515625 0.0498046875 0.173828125
1 0.5244140625 0.8427734375 0.046875 0.2236328125
1 0.3193359375 0.47265625 0.0205078125 0.0986328125
1 0.626953125 0.5380859375 0.0244140625 0.119140625
0 0.7958984375 0.6005859375 0.0107421875 0.017578125
1 0.5302734375 0.5400390625 0.017578125 0.11328125
1 0.12890625 0.5400390625 0.0283203125 0.125
1 0.5966796875 0.5283203125 0.01953125 0.1201171875
1 0.8623046875 0.5537109375 0.0283203125 0.10546875
1 0.2978515625 0.4521484375 0.0205078125 0.087890625
1 0.3828125 0.91796875 0.0517578125 0.1640625