1 0.7529296875 0.80859375 0.04296875 0.216796875
1 0.498046875 0.53515625 0.0224609375 0.1083984375
1 0.7802734375 0.5595703125 0.0302734375 0.1259765625
1 0.2080078125 0.5830078125 0.0302734375 0.1181640625
1 0.2890625 0.5244140625 0.0244140625 0.1064453125
1 0.4052734375 0.4921875 0.017578125 0.095703125
1 0.2578125 0.529296875 0.025390625 0.1064453125
1 0.2109375 0.4990234375 0.021484375 0.0810546875
1 0.244140625 0.8076171875 0.0439453125 0.1904296875
1 0.1572265625 0.8603515625 0.0380859375 0.19140625
1 0.52734375 0.4765625 0.0283203125 0.0791015625
1 0.2841796875 0.4638671875 0.0185546875 0.048828125