1 0.67578125 0.8818359375 0.060546875 0.224609375
1 0.3935546875 0.5615234375 0.03515625 0.1171875
1 0.8056640625 0.533203125 0.017578125 0.11328125
1 0.4873046875 0.5302734375 0.02734375 0.1123046875
1 0.279296875 0.5185546875 0.02734375 0.09765625
1 0.142578125 0.60546875 0.033203125 0.1337890625
1 0.3212890625 0.724609375 0.0595703125 0.177734375
1 0.2705078125 0.640625 0.029296875 0.1337890625
0 0.7822265625 0.5703125 0.0078125 0.013671875
1 0.3828125 0.4658203125 0.021484375 0.0771484375
1 0.0478515625 0.5224609375 0.021484375 0.0888671875
1 0.5107421875 0.9169921875 0.060546875 0.166015625