1 0.5712890625 0.8466796875 0.044921875 0.2197265625
1 0.4736328125 0.5390625 0.01953125 0.1025390625
1 0.609375 0.5810546875 0.0322265625 0.126953125
1 0.4521484375 0.5029296875 0.017578125 0.0947265625
1 0.5478515625 0.529296875 0.0322265625 0.1064453125
1 0.2900390625 0.5107421875 0.0283203125 0.0869140625
1 0.970703125 0.6552734375 0.0498046875 0.169921875
1 0.4990234375 0.4560546875 0.017578125 0.080078125
1 0.439453125 0.9169921875 0.0478515625 0.1640625
0 0.5361328125 0.5654296875 0.0078125 0.017578125
1 0.3046875 0.4853515625 0.037109375 0.078125