1 0.2255859375 0.80859375 0.048828125 0.2353515625
1 0.4169921875 0.5 0.0419921875 0.111328125
1 0.921875 0.7646484375 0.0703125 0.201171875
1 0.2841796875 0.5205078125 0.0390625 0.109375
1 0.5419921875 0.5576171875 0.0322265625 0.1318359375
1 0.2685546875 0.453125 0.0205078125 0.0849609375
1 0.30859375 0.4521484375 0.0205078125 0.0810546875
1 0.646484375 0.4892578125 0.01953125 0.080078125
1 0.033203125 0.4794921875 0.0263671875 0.09765625
0 0.7509765625 0.587890625 0.0087890625 0.0166015625
1 0.6279296875 0.482421875 0.017578125 0.0947265625
1 0.4775390625 0.9375 0.0537109375 0.125