1 0.5341796875 0.6201171875 0.0322265625 0.1513671875
1 0.6337890625 0.83984375 0.0546875 0.21875
1 0.0869140625 0.52734375 0.0302734375 0.1005859375
1 0.572265625 0.4951171875 0.0244140625 0.1025390625
1 0.400390625 0.708984375 0.03515625 0.1630859375
1 0.28125 0.53515625 0.041015625 0.115234375
1 0.373046875 0.546875 0.025390625 0.1162109375
1 0.6142578125 0.484375 0.021484375 0.099609375
0 0.4873046875 0.435546875 0.0107421875 0.0166015625
1 0.837890625 0.5361328125 0.0498046875 0.1123046875
1 0.869140625 0.5029296875 0.0224609375 0.0986328125
1 0.490234375 0.9052734375 0.0458984375 0.1767578125