1 0.380859375 0.525390625 0.03125 0.099609375
0 0.5146484375 0.591796875 0.0087890625 0.015625
1 0.65234375 0.7978515625 0.0419921875 0.205078125
1 0.0771484375 0.6103515625 0.02734375 0.1279296875
1 0.3271484375 0.5712890625 0.0341796875 0.119140625
1 0.255859375 0.5859375 0.02734375 0.1259765625
1 0.5869140625 0.5712890625 0.0341796875 0.1279296875
1 0.8642578125 0.5859375 0.06640625 0.150390625
1 0.0986328125 0.5166015625 0.033203125 0.0859375
1 0.1259765625 0.8583984375 0.0400390625 0.1845703125
1 0.1640625 0.5302734375 0.01953125 0.103515625
1 0.4306640625 0.4833984375 0.0224609375 0.0615234375
1 0.0322265625 0.90234375 0.044921875 0.19140625