1 0.14453125 0.5068359375 0.0361328125 0.1279296875
0 0.7578125 0.65625 0.01171875 0.021484375
1 0.7939453125 0.5986328125 0.03125 0.1376953125
1 0.2490234375 0.52734375 0.0244140625 0.134765625
1 0.4052734375 0.8603515625 0.041015625 0.24609375
1 0.4677734375 0.4755859375 0.0205078125 0.1064453125
1 0.501953125 0.578125 0.0263671875 0.1484375
1 0.3095703125 0.517578125 0.0361328125 0.1328125
1 0.505859375 0.9091796875 0.05078125 0.1806640625
1 0.7626953125 0.443359375 0.0185546875 0.0947265625
1 0.501953125 0.474609375 0.0234375 0.0947265625