1 0.7705078125 0.82421875 0.044921875 0.2294921875
1 0.5 0.5341796875 0.0234375 0.115234375
1 0.798828125 0.5595703125 0.0322265625 0.1337890625
1 0.1923828125 0.5859375 0.0322265625 0.1259765625
1 0.2783203125 0.5234375 0.0263671875 0.11328125
1 0.40234375 0.48828125 0.0185546875 0.1015625
1 0.2451171875 0.5283203125 0.0263671875 0.11328125
1 0.1962890625 0.49609375 0.0224609375 0.0869140625
1 0.23046875 0.8232421875 0.046875 0.2021484375
1 0.138671875 0.8798828125 0.041015625 0.203125
1 0.53125 0.4716796875 0.0302734375 0.083984375
1 0.2734375 0.458984375 0.01953125 0.0517578125