1 0.537109375 0.6376953125 0.0400390625 0.169921875
1 0.443359375 0.7373046875 0.037109375 0.1962890625
1 0.65234375 0.5078125 0.0283203125 0.0966796875
1 0.982421875 0.66015625 0.03515625 0.1455078125
1 0.220703125 0.59375 0.029296875 0.1328125
1 0.9013671875 0.5126953125 0.02734375 0.1025390625
1 0.181640625 0.533203125 0.0302734375 0.1171875
1 0.4541015625 0.9228515625 0.0380859375 0.154296875
1 0.4482421875 0.5703125 0.02734375 0.1357421875
1 0.453125 0.5439453125 0.048828125 0.10546875
0 0.4677734375 0.58203125 0.01171875 0.02734375