1 0.4794921875 0.41796875 0.029296875 0.09375
1 0.2744140625 0.626953125 0.0458984375 0.1640625
0 0.1611328125 0.6962890625 0.0126953125 0.021484375
1 0.119140625 0.6435546875 0.06640625 0.1689453125
1 0.6103515625 0.69921875 0.0458984375 0.17578125
1 0.689453125 0.484375 0.0400390625 0.0986328125
1 0.9619140625 0.8251953125 0.068359375 0.2373046875
1 0.5927734375 0.5830078125 0.0341796875 0.1181640625
1 0.0673828125 0.849609375 0.0537109375 0.2470703125
1 0.099609375 0.4755859375 0.0283203125 0.0966796875
1 0.6650390625 0.9296875 0.060546875 0.1357421875