1 0.1318359375 0.5126953125 0.029296875 0.1357421875
1 0.802734375 0.5888671875 0.0380859375 0.1484375
1 0.30078125 0.8486328125 0.064453125 0.24609375
1 0.9130859375 0.59375 0.041015625 0.154296875
1 0.892578125 0.5126953125 0.0244140625 0.111328125
1 0.6923828125 0.423828125 0.03515625 0.0771484375
0 0.974609375 0.607421875 0.01171875 0.0205078125
1 0.533203125 0.505859375 0.0166015625 0.1142578125
1 0.8583984375 0.595703125 0.033203125 0.1611328125
1 0.9912109375 0.5556640625 0.017578125 0.126953125
1 0.50390625 0.916015625 0.0537109375 0.1669921875