1 0.654296875 0.5224609375 0.0341796875 0.1103515625
0 0.5068359375 0.5966796875 0.0087890625 0.017578125
1 0.3564453125 0.8232421875 0.0458984375 0.2255859375
1 0.986328125 0.6162109375 0.02734375 0.140625
1 0.712890625 0.5732421875 0.037109375 0.1318359375
1 0.7919921875 0.58984375 0.0302734375 0.138671875
1 0.427734375 0.5732421875 0.037109375 0.140625
1 0.123046875 0.58984375 0.072265625 0.1650390625
1 0.96484375 0.5126953125 0.0361328125 0.0947265625
1 0.9345703125 0.8896484375 0.0439453125 0.203125
1 0.892578125 0.5283203125 0.021484375 0.1142578125
1 0.599609375 0.4765625 0.025390625 0.0673828125