1 0.41015625 0.5263671875 0.02734375 0.1142578125
1 0.44921875 0.56640625 0.0283203125 0.1416015625
1 0.4580078125 0.4482421875 0.021484375 0.091796875
0 0.4189453125 0.6044921875 0.009765625 0.0185546875
1 0.6123046875 0.4248046875 0.017578125 0.07421875
1 0.35546875 0.52734375 0.02734375 0.06640625
1 0.10546875 0.4990234375 0.0390625 0.0966796875
1 0.7744140625 0.4580078125 0.0166015625 0.08984375
1 0.373046875 0.923828125 0.0517578125 0.15234375
1 0.6494140625 0.466796875 0.0166015625 0.0888671875
1 0.8681640625 0.697265625 0.0244140625 0.095703125
1 0.4501953125 0.47265625 0.0263671875 0.095703125