1 0.701171875 0.60546875 0.0458984375 0.1298828125
1 0.4990234375 0.5234375 0.0263671875 0.1162109375
1 0.7978515625 0.4990234375 0.0302734375 0.1025390625
1 0.8857421875 0.6982421875 0.0400390625 0.181640625
1 0.837890625 0.5888671875 0.0458984375 0.1435546875
1 0.5439453125 0.509765625 0.0361328125 0.115234375
1 0.4111328125 0.8759765625 0.0595703125 0.240234375
1 0.5654296875 0.9248046875 0.052734375 0.150390625
0 0.5712890625 0.5576171875 0.009765625 0.0146484375
1 0.107421875 0.482421875 0.0234375 0.1064453125
1 0.8203125 0.947265625 0.07421875 0.10546875
1 0.8056640625 0.44140625 0.02734375 0.0732421875