1 0.2958984375 0.8974609375 0.0556640625 0.2041015625
1 0.556640625 0.470703125 0.025390625 0.095703125
1 0.30078125 0.740234375 0.0556640625 0.197265625
1 0.076171875 0.5205078125 0.0263671875 0.1259765625
1 0.6142578125 0.4755859375 0.0263671875 0.0947265625
1 0.40625 0.560546875 0.0341796875 0.1064453125
1 0.4404296875 0.453125 0.0224609375 0.0869140625
1 0.77734375 0.529296875 0.0224609375 0.115234375
0 0.4267578125 0.501953125 0.0087890625 0.017578125
1 0.5224609375 0.44140625 0.015625 0.08203125
1 0.4794921875 0.9345703125 0.064453125 0.130859375
1 0.94921875 0.501953125 0.0205078125 0.0986328125