1 0.6865234375 0.890625 0.0634765625 0.21875
1 0.392578125 0.564453125 0.037109375 0.123046875
1 0.822265625 0.53515625 0.017578125 0.1181640625
1 0.490234375 0.53125 0.0283203125 0.1171875
1 0.2724609375 0.51953125 0.0283203125 0.1015625
1 0.130859375 0.6103515625 0.0341796875 0.1396484375
1 0.31640625 0.7353515625 0.0615234375 0.185546875
1 0.263671875 0.6474609375 0.03125 0.1396484375
0 0.7978515625 0.5732421875 0.0078125 0.0146484375
1 0.380859375 0.46484375 0.0224609375 0.080078125
1 0.03125 0.5234375 0.0224609375 0.0927734375
1 0.5146484375 0.9248046875 0.0634765625 0.150390625