1 0.416015625 0.50390625 0.0205078125 0.1142578125
1 0.6708984375 0.853515625 0.0546875 0.23046875
1 0.5615234375 0.580078125 0.0263671875 0.1376953125
1 0.705078125 0.4921875 0.0234375 0.095703125
1 0.7587890625 0.5263671875 0.0185546875 0.119140625
1 0.4716796875 0.4453125 0.01953125 0.0888671875
1 0.1513671875 0.5654296875 0.0302734375 0.134765625
1 0.0703125 0.4873046875 0.0234375 0.0927734375
1 0.099609375 0.80859375 0.0478515625 0.2041015625
0 0.70703125 0.5703125 0.013671875 0.0224609375
1 0.7294921875 0.5390625 0.0390625 0.1123046875