0 0.6201171875 0.796875 0.013671875 0.0244140625
1 0.0498046875 0.8525390625 0.06640625 0.251953125
1 0.5908203125 0.6669921875 0.052734375 0.169921875
1 0.533203125 0.529296875 0.03125 0.1103515625
1 0.6318359375 0.7119140625 0.0537109375 0.185546875
1 0.3515625 0.5458984375 0.0439453125 0.1201171875
1 0.8359375 0.865234375 0.046875 0.2099609375
1 0.3271484375 0.4599609375 0.0205078125 0.099609375
1 0.1455078125 0.6220703125 0.0361328125 0.1728515625
1 0.5556640625 0.4130859375 0.01953125 0.0810546875
1 0.357421875 0.953125 0.064453125 0.09375
1 0.1328125 0.6142578125 0.0361328125 0.1640625