1 0.7216796875 0.8740234375 0.0439453125 0.2265625
1 0.9248046875 0.517578125 0.017578125 0.1142578125
1 0.6416015625 0.55078125 0.021484375 0.10546875
1 0.53515625 0.478515625 0.0244140625 0.0927734375
1 0.4775390625 0.4736328125 0.013671875 0.0908203125
1 0.78125 0.697265625 0.052734375 0.173828125
1 0.654296875 0.4736328125 0.0185546875 0.0849609375
1 0.3173828125 0.513671875 0.0234375 0.1044921875
1 0.1396484375 0.4990234375 0.0224609375 0.0849609375
1 0.5634765625 0.9140625 0.0576171875 0.16796875
1 0.0849609375 0.861328125 0.0400390625 0.17578125