1 0.34765625 0.58984375 0.0419921875 0.1181640625
1 0.5322265625 0.515625 0.0244140625 0.1064453125
1 0.2587890625 0.4931640625 0.02734375 0.09375
1 0.1787109375 0.6748046875 0.037109375 0.166015625
1 0.2216796875 0.5751953125 0.0419921875 0.1318359375
1 0.4921875 0.5029296875 0.033203125 0.10546875
1 0.61328125 0.837890625 0.0537109375 0.2197265625
1 0.4716796875 0.9052734375 0.048828125 0.1845703125
0 0.466796875 0.5458984375 0.0087890625 0.0126953125
1 0.8916015625 0.4775390625 0.021484375 0.09765625
1 0.2392578125 0.921875 0.0673828125 0.1337890625
1 0.251953125 0.4404296875 0.025390625 0.0673828125