1 0.6025390625 0.5068359375 0.0244140625 0.1142578125
1 0.9091796875 0.81640625 0.0595703125 0.23828125
1 0.767578125 0.8681640625 0.05859375 0.2216796875
1 0.806640625 0.52734375 0.029296875 0.1337890625
1 0.677734375 0.458984375 0.0185546875 0.095703125
1 0.4052734375 0.5341796875 0.0361328125 0.1328125
1 0.4375 0.4521484375 0.021484375 0.095703125
1 0.3740234375 0.53125 0.0380859375 0.1318359375
1 0.4619140625 0.4521484375 0.0263671875 0.087890625
1 0.6279296875 0.93359375 0.05859375 0.1328125
1 0.4462890625 0.4833984375 0.0322265625 0.1064453125
0 0.46484375 0.4873046875 0.0146484375 0.0263671875