1 0.7509765625 0.5771484375 0.041015625 0.134765625
1 0.6611328125 0.5654296875 0.0419921875 0.134765625
1 0.1669921875 0.8955078125 0.08203125 0.208984375
1 0.7333984375 0.4794921875 0.0234375 0.1025390625
1 0.60546875 0.51953125 0.0185546875 0.111328125
1 0.8203125 0.556640625 0.0322265625 0.126953125
1 0.6767578125 0.447265625 0.015625 0.087890625
1 0.8544921875 0.5048828125 0.0224609375 0.0947265625
1 0.3349609375 0.9306640625 0.052734375 0.138671875
1 0.857421875 0.8515625 0.037109375 0.177734375
0 0.751953125 0.4892578125 0.01171875 0.0224609375
1 0.6455078125 0.5185546875 0.0224609375 0.1142578125