1 0.1376953125 0.5546875 0.0263671875 0.1240234375
1 0.4794921875 0.8583984375 0.0390625 0.2294921875
1 0.384765625 0.55859375 0.021484375 0.1279296875
1 0.4599609375 0.5703125 0.021484375 0.1162109375
1 0.7314453125 0.4658203125 0.0205078125 0.0888671875
1 0.3583984375 0.556640625 0.0205078125 0.1201171875
1 0.859375 0.5693359375 0.0302734375 0.134765625
1 0.689453125 0.4892578125 0.0234375 0.099609375
1 0.537109375 0.7236328125 0.0390625 0.1865234375
0 0.1611328125 0.6025390625 0.009765625 0.017578125
1 0.6240234375 0.9248046875 0.052734375 0.1494140625