1 0.3330078125 0.4501953125 0.017578125 0.0966796875
1 0.904296875 0.8515625 0.068359375 0.2421875
1 0.677734375 0.4736328125 0.0302734375 0.103515625
1 0.1396484375 0.443359375 0.029296875 0.0908203125
1 0.07421875 0.4638671875 0.01953125 0.087890625
1 0.5048828125 0.4306640625 0.0166015625 0.08203125
1 0.28515625 0.4716796875 0.0205078125 0.099609375
1 0.2978515625 0.4375 0.0126953125 0.07421875
1 0.044921875 0.798828125 0.0517578125 0.1826171875
1 0.6728515625 0.419921875 0.013671875 0.0859375
1 0.193359375 0.3984375 0.0185546875 0.0849609375
0 0.2236328125 0.419921875 0.0126953125 0.0185546875