1 0.4130859375 0.529296875 0.02734375 0.1123046875
1 0.4521484375 0.5693359375 0.02734375 0.138671875
1 0.4609375 0.453125 0.021484375 0.08984375
0 0.4228515625 0.6064453125 0.009765625 0.0185546875
1 0.6123046875 0.4296875 0.017578125 0.0732421875
1 0.3603515625 0.53125 0.02734375 0.0654296875
1 0.11328125 0.501953125 0.0380859375 0.095703125
1 0.7724609375 0.462890625 0.0166015625 0.087890625
1 0.376953125 0.9208984375 0.05078125 0.1513671875
1 0.6494140625 0.4716796875 0.0166015625 0.0869140625
1 0.8642578125 0.697265625 0.0244140625 0.0947265625
1 0.453125 0.4765625 0.0263671875 0.0947265625