1 0.59765625 0.5029296875 0.0244140625 0.1142578125
1 0.904296875 0.8125 0.0595703125 0.23828125
1 0.7626953125 0.8642578125 0.05859375 0.2216796875
1 0.802734375 0.5234375 0.029296875 0.1337890625
1 0.673828125 0.455078125 0.0185546875 0.095703125
1 0.400390625 0.53125 0.0361328125 0.1328125
1 0.43359375 0.4482421875 0.021484375 0.095703125
1 0.3701171875 0.52734375 0.0380859375 0.1318359375
1 0.4580078125 0.4482421875 0.0263671875 0.087890625
1 0.623046875 0.931640625 0.05859375 0.13671875
1 0.4423828125 0.4794921875 0.0322265625 0.1064453125
0 0.4609375 0.484375 0.0146484375 0.0263671875