1 0.779296875 0.5068359375 0.0283203125 0.1005859375
1 0.4853515625 0.857421875 0.0361328125 0.1982421875
1 0.2626953125 0.515625 0.0283203125 0.109375
1 0.953125 0.5654296875 0.03515625 0.1337890625
1 0.34765625 0.5185546875 0.0205078125 0.1015625
1 0.4228515625 0.4462890625 0.0166015625 0.08984375
1 0.345703125 0.443359375 0.0166015625 0.064453125
1 0.162109375 0.8046875 0.04296875 0.19921875
1 0.2470703125 0.4853515625 0.015625 0.08203125
1 0.193359375 0.8544921875 0.037109375 0.2255859375
1 0.3798828125 0.4228515625 0.013671875 0.0615234375
0 0.3994140625 0.4638671875 0.01171875 0.0205078125