1 0.6875 0.5517578125 0.0224609375 0.1240234375
1 0.4853515625 0.62109375 0.0458984375 0.146484375
1 0.888671875 0.607421875 0.03515625 0.1484375
1 0.578125 0.8359375 0.052734375 0.228515625
1 0.123046875 0.7001953125 0.04296875 0.1904296875
0 0.486328125 0.6708984375 0.0126953125 0.0224609375
1 0.79296875 0.6630859375 0.0322265625 0.1513671875
1 0.5283203125 0.4814453125 0.0224609375 0.095703125
1 0.236328125 0.619140625 0.0390625 0.1484375
1 0.099609375 0.478515625 0.0283203125 0.099609375
1 0.7265625 0.923828125 0.056640625 0.1513671875