1 0.74609375 0.4912109375 0.025390625 0.1259765625
1 0.6337890625 0.583984375 0.03515625 0.1171875
1 0.57421875 0.5263671875 0.0322265625 0.125
1 0.3603515625 0.591796875 0.0341796875 0.15234375
1 0.537109375 0.4462890625 0.03125 0.0966796875
1 0.1083984375 0.6513671875 0.060546875 0.169921875
1 0.919921875 0.80078125 0.0537109375 0.240234375
1 0.9296875 0.4794921875 0.0478515625 0.115234375
1 0.0654296875 0.4892578125 0.0341796875 0.09375
0 0.138671875 0.7109375 0.0126953125 0.021484375
1 0.0654296875 0.8798828125 0.0791015625 0.2353515625
1 0.6435546875 0.92578125 0.0634765625 0.1455078125