0 0.423828125 0.7197265625 0.0107421875 0.01953125
1 0.4775390625 0.5244140625 0.025390625 0.109375
1 0.2529296875 0.734375 0.0654296875 0.16796875
1 0.1826171875 0.5048828125 0.0244140625 0.1025390625
1 0.42578125 0.5244140625 0.0244140625 0.115234375
1 0.5693359375 0.4599609375 0.017578125 0.0849609375
1 0.3017578125 0.55859375 0.0283203125 0.11328125
1 0.9140625 0.7138671875 0.0390625 0.158203125
1 0.72265625 0.482421875 0.0205078125 0.0830078125
1 0.3046875 0.4833984375 0.0205078125 0.0810546875
1 0.8642578125 0.783203125 0.046875 0.208984375