1 0.22265625 0.8115234375 0.044921875 0.2275390625
1 0.384765625 0.4658203125 0.017578125 0.08984375
1 0.5732421875 0.4765625 0.01953125 0.1025390625
1 0.2939453125 0.5107421875 0.025390625 0.1064453125
1 0.611328125 0.5224609375 0.02734375 0.09375
1 0.796875 0.4921875 0.01953125 0.0908203125
1 0.65234375 0.462890625 0.0244140625 0.080078125
1 0.806640625 0.798828125 0.046875 0.169921875
1 0.8408203125 0.8642578125 0.0419921875 0.205078125
1 0.6962890625 0.4580078125 0.0224609375 0.0791015625
0 0.7236328125 0.50390625 0.0166015625 0.025390625
1 0.697265625 0.482421875 0.0439453125 0.078125