1 0.29296875 0.6083984375 0.0322265625 0.1435546875
1 0.736328125 0.6416015625 0.044921875 0.142578125
1 0.1337890625 0.9150390625 0.0771484375 0.169921875
1 0.6494140625 0.501953125 0.0205078125 0.0859375
1 0.240234375 0.5712890625 0.0458984375 0.111328125
1 0.701171875 0.6259765625 0.02734375 0.1240234375
1 0.787109375 0.5107421875 0.0234375 0.0927734375
0 0.712890625 0.7177734375 0.0126953125 0.0263671875
1 0.5625 0.478515625 0.017578125 0.0849609375
1 0.7265625 0.55078125 0.0244140625 0.0859375
1 0.3046875 0.9365234375 0.0625 0.126953125