1 0.609375 0.5400390625 0.02734375 0.103515625
1 0.4541015625 0.8603515625 0.044921875 0.205078125
1 0.2080078125 0.5048828125 0.0283203125 0.1025390625
1 0.04296875 0.5615234375 0.0302734375 0.130859375
1 0.734375 0.51171875 0.0244140625 0.1025390625
1 0.896484375 0.7705078125 0.0419921875 0.17578125
1 0.5693359375 0.4619140625 0.017578125 0.0849609375
1 0.544921875 0.4453125 0.0185546875 0.0771484375
1 0.763671875 0.4814453125 0.0166015625 0.08203125
1 0.6484375 0.4443359375 0.0166015625 0.078125
1 0.8291015625 0.845703125 0.0419921875 0.1943359375