1 0.5029296875 0.703125 0.0361328125 0.1611328125
1 0.71484375 0.509765625 0.0205078125 0.1103515625
1 0.7294921875 0.8876953125 0.060546875 0.224609375
1 0.6044921875 0.4755859375 0.0205078125 0.08984375
1 0.791015625 0.5244140625 0.0361328125 0.111328125
1 0.7529296875 0.6611328125 0.0458984375 0.158203125
1 0.505859375 0.5517578125 0.0185546875 0.126953125
1 0.56640625 0.4736328125 0.025390625 0.072265625
1 0.380859375 0.5400390625 0.0224609375 0.1162109375
0 0.3857421875 0.5927734375 0.0087890625 0.0146484375
1 0.1396484375 0.5283203125 0.0234375 0.095703125
1 0.5712890625 0.9296875 0.052734375 0.140625
1 0.0517578125 0.9013671875 0.0439453125 0.197265625