1 0.5556640625 0.4990234375 0.0322265625 0.1083984375
1 0.80859375 0.8828125 0.0625 0.234375
1 0.4697265625 0.5458984375 0.0322265625 0.1005859375
1 0.59765625 0.4990234375 0.0244140625 0.0966796875
1 0.31640625 0.53125 0.021484375 0.123046875
1 0.2265625 0.5927734375 0.037109375 0.1435546875
1 0.4248046875 0.4853515625 0.0224609375 0.091796875
1 0.1982421875 0.4873046875 0.021484375 0.0791015625
1 0.646484375 0.9189453125 0.048828125 0.162109375
1 0.3994140625 0.4326171875 0.0205078125 0.0693359375
0 0.5458984375 0.5439453125 0.0087890625 0.015625
1 0.1396484375 0.8310546875 0.037109375 0.1669921875