1 0.7919921875 0.5302734375 0.02734375 0.111328125
1 0.810546875 0.6767578125 0.0439453125 0.158203125
1 0.3212890625 0.896484375 0.07421875 0.20703125
1 0.5537109375 0.5419921875 0.0244140625 0.1259765625
0 0.23046875 0.603515625 0.009765625 0.01953125
1 0.927734375 0.6181640625 0.0341796875 0.150390625
1 0.14453125 0.54296875 0.03125 0.1201171875
1 0.658203125 0.470703125 0.0283203125 0.0869140625
1 0.6416015625 0.5634765625 0.0361328125 0.1162109375
1 0.486328125 0.9326171875 0.06640625 0.134765625
1 0.9931640625 0.5205078125 0.013671875 0.09375
1 0.9912109375 0.8876953125 0.017578125 0.169921875
1 0.7802734375 0.736328125 0.0673828125 0.1923828125