1 0.677734375 0.517578125 0.017578125 0.1044921875
1 0.466796875 0.568359375 0.037109375 0.12890625
1 0.6923828125 0.8623046875 0.068359375 0.2353515625
1 0.2294921875 0.6279296875 0.029296875 0.13671875
1 0.822265625 0.634765625 0.0419921875 0.150390625
1 0.150390625 0.4931640625 0.0224609375 0.08984375
1 0.3662109375 0.5224609375 0.02734375 0.1015625
1 0.0595703125 0.572265625 0.029296875 0.12890625
1 0.3662109375 0.435546875 0.013671875 0.05859375
1 0.408203125 0.466796875 0.017578125 0.080078125
1 0.0595703125 0.8095703125 0.05859375 0.19140625
0 0.36328125 0.5703125 0.009765625 0.01953125
1 0.50390625 0.92578125 0.0439453125 0.1484375