1 0.51953125 0.419921875 0.029296875 0.09375
1 0.7255859375 0.630859375 0.0458984375 0.1650390625
0 0.83984375 0.7001953125 0.0126953125 0.021484375
1 0.8818359375 0.6474609375 0.0673828125 0.169921875
1 0.3876953125 0.703125 0.046875 0.1767578125
1 0.30859375 0.4873046875 0.0400390625 0.0986328125
1 0.03515625 0.830078125 0.0693359375 0.23828125
1 0.40625 0.5869140625 0.0341796875 0.119140625
1 0.93359375 0.8544921875 0.0546875 0.2490234375
1 0.9013671875 0.478515625 0.0283203125 0.0966796875
1 0.333984375 0.93359375 0.060546875 0.1328125