1 0.2177734375 0.916015625 0.06640625 0.1669921875
1 0.7060546875 0.5732421875 0.03515625 0.119140625
1 0.5556640625 0.5224609375 0.021484375 0.091796875
1 0.310546875 0.775390625 0.048828125 0.193359375
1 0.4326171875 0.5966796875 0.033203125 0.115234375
1 0.0146484375 0.5576171875 0.0224609375 0.1201171875
1 0.49609375 0.513671875 0.021484375 0.091796875
1 0.4365234375 0.478515625 0.021484375 0.072265625
1 0.865234375 0.5341796875 0.01953125 0.0947265625
1 0.9384765625 0.912109375 0.0498046875 0.1748046875
0 0.4169921875 0.5166015625 0.0078125 0.01171875
1 0.4033203125 0.94921875 0.0634765625 0.1015625