1 0.5654296875 0.515625 0.0322265625 0.1240234375
1 0.376953125 0.5 0.025390625 0.1064453125
1 0.912109375 0.818359375 0.0625 0.23828125
1 0.6474609375 0.44921875 0.021484375 0.0947265625
0 0.5400390625 0.7548828125 0.0126953125 0.0263671875
1 0.2822265625 0.8359375 0.046875 0.205078125
1 0.5234375 0.404296875 0.0263671875 0.0771484375
1 0.880859375 0.6044921875 0.0302734375 0.15625
1 0.517578125 0.7060546875 0.0546875 0.185546875
1 0.6240234375 0.931640625 0.0576171875 0.13671875
1 0.861328125 0.5927734375 0.025390625 0.060546875
1 0.4775390625 0.697265625 0.0478515625 0.2099609375