1 0.7255859375 0.8798828125 0.0498046875 0.236328125
1 0.4931640625 0.47265625 0.0224609375 0.0849609375
1 0.7216796875 0.712890625 0.0498046875 0.17578125
1 0.921875 0.5166015625 0.0234375 0.1123046875
1 0.4404296875 0.4765625 0.0234375 0.083984375
1 0.626953125 0.552734375 0.0302734375 0.095703125
1 0.5966796875 0.4560546875 0.01953125 0.078125
1 0.2958984375 0.5244140625 0.0205078125 0.1025390625
0 0.6083984375 0.5 0.0078125 0.015625
1 0.5234375 0.4462890625 0.013671875 0.0732421875
1 0.5625 0.9140625 0.05859375 0.1708984375
1 0.1416015625 0.5 0.0185546875 0.087890625
1 0.0771484375 0.8798828125 0.0419921875 0.2255859375