0 0.2822265625 0.720703125 0.01171875 0.021484375
1 0.82421875 0.86328125 0.0595703125 0.255859375
1 0.3232421875 0.6904296875 0.04296875 0.1611328125
1 0.671875 0.61328125 0.048828125 0.1552734375
1 0.18359375 0.6396484375 0.0341796875 0.1484375
1 0.2509765625 0.7998046875 0.0439453125 0.2060546875
1 0.0361328125 0.6044921875 0.0361328125 0.1298828125
1 0.251953125 0.630859375 0.0283203125 0.12109375
1 0.763671875 0.5224609375 0.02734375 0.1103515625
1 0.712890625 0.544921875 0.029296875 0.0986328125
1 0.95703125 0.515625 0.0283203125 0.1044921875