1 0.787109375 0.8759765625 0.0751953125 0.2392578125
1 0.3173828125 0.5439453125 0.0205078125 0.1103515625
1 0.396484375 0.583984375 0.0400390625 0.1337890625
1 0.8955078125 0.5205078125 0.021484375 0.1162109375
1 0.365234375 0.51171875 0.01953125 0.0908203125
1 0.2783203125 0.4580078125 0.0244140625 0.080078125
1 0.4833984375 0.61328125 0.029296875 0.1416015625
1 0.1640625 0.5615234375 0.0224609375 0.119140625
1 0.1533203125 0.8349609375 0.03515625 0.205078125
1 0.1982421875 0.490234375 0.0244140625 0.0810546875
1 0.3271484375 0.451171875 0.017578125 0.072265625
1 0.6015625 0.9140625 0.037109375 0.1640625
0 0.3115234375 0.482421875 0.01171875 0.0185546875