1 0.3203125 0.5830078125 0.03125 0.1357421875
1 0.7412109375 0.615234375 0.04296875 0.134765625
1 0.169921875 0.896484375 0.0732421875 0.20703125
1 0.6591796875 0.4814453125 0.01953125 0.0810546875
1 0.2705078125 0.5478515625 0.04296875 0.10546875
1 0.7080078125 0.599609375 0.0263671875 0.1171875
1 0.7900390625 0.490234375 0.0224609375 0.087890625
0 0.71875 0.6865234375 0.01171875 0.025390625
1 0.576171875 0.4599609375 0.0166015625 0.080078125
1 0.732421875 0.5283203125 0.0234375 0.0810546875
1 0.33203125 0.9169921875 0.05859375 0.166015625