0 0.412109375 0.705078125 0.0107421875 0.0185546875
1 0.4638671875 0.51953125 0.0244140625 0.1044921875
1 0.2490234375 0.7197265625 0.0615234375 0.16015625
1 0.181640625 0.5009765625 0.0234375 0.0986328125
1 0.4150390625 0.51953125 0.0224609375 0.1103515625
1 0.55078125 0.4580078125 0.017578125 0.0810546875
1 0.2958984375 0.552734375 0.0263671875 0.1083984375
1 0.8798828125 0.7001953125 0.037109375 0.1513671875
1 0.697265625 0.4794921875 0.01953125 0.080078125
1 0.298828125 0.48046875 0.01953125 0.0771484375
1 0.83203125 0.7666015625 0.044921875 0.19921875