1 0.4453125 0.490234375 0.0166015625 0.1123046875
1 0.689453125 0.8525390625 0.0576171875 0.2392578125
1 0.578125 0.6142578125 0.0380859375 0.15234375
1 0.6982421875 0.509765625 0.029296875 0.11328125
1 0.8154296875 0.53515625 0.0419921875 0.1298828125
1 0.1015625 0.5654296875 0.033203125 0.1416015625
1 0.48046875 0.4228515625 0.015625 0.0859375
1 0.720703125 0.4833984375 0.0205078125 0.0888671875
1 0.0859375 0.478515625 0.0234375 0.1015625
1 0.10546875 0.8076171875 0.05078125 0.2099609375
0 0.7314453125 0.548828125 0.0078125 0.013671875