1 0.544921875 0.47265625 0.025390625 0.1201171875
1 0.1513671875 0.46875 0.03125 0.1357421875
1 0.2568359375 0.8232421875 0.044921875 0.2509765625
1 0.8740234375 0.4765625 0.03125 0.1328125
1 0.7216796875 0.4072265625 0.021484375 0.107421875
1 0.8056640625 0.5380859375 0.03515625 0.15234375
1 0.9404296875 0.5830078125 0.046875 0.16015625
1 0.419921875 0.87109375 0.0517578125 0.2578125
1 0.2998046875 0.94140625 0.0595703125 0.1171875
0 0.9013671875 0.4697265625 0.01171875 0.0263671875
1 0.95703125 0.478515625 0.0615234375 0.0849609375