1 0.4169921875 0.515625 0.025390625 0.1201171875
1 0.8076171875 0.5126953125 0.03125 0.134765625
1 0.703125 0.865234375 0.0439453125 0.25
1 0.0888671875 0.51953125 0.03125 0.1318359375
1 0.2412109375 0.451171875 0.021484375 0.1064453125
1 0.1572265625 0.5810546875 0.0341796875 0.1513671875
1 0.0234375 0.6259765625 0.046875 0.16015625
1 0.541015625 0.8916015625 0.0517578125 0.2158203125
1 0.6611328125 0.9619140625 0.0595703125 0.076171875
0 0.0625 0.5126953125 0.0107421875 0.0263671875
1 0.0185546875 0.521484375 0.037109375 0.0849609375