1 0.4130859375 0.490234375 0.0224609375 0.1083984375
1 0.767578125 0.4873046875 0.0283203125 0.1220703125
1 0.671875 0.8056640625 0.0400390625 0.2255859375
1 0.1162109375 0.494140625 0.0283203125 0.119140625
1 0.2548828125 0.431640625 0.01953125 0.0966796875
1 0.1787109375 0.548828125 0.03125 0.13671875
1 0.0576171875 0.58984375 0.0419921875 0.14453125
1 0.525390625 0.8642578125 0.046875 0.2626953125
1 0.6337890625 0.9287109375 0.0537109375 0.1376953125
0 0.0927734375 0.4873046875 0.009765625 0.0244140625
1 0.0419921875 0.4951171875 0.0556640625 0.076171875