1 0.3818359375 0.896484375 0.056640625 0.2060546875
1 0.1982421875 0.6181640625 0.029296875 0.1552734375
1 0.515625 0.630859375 0.0498046875 0.1396484375
1 0.142578125 0.5517578125 0.037109375 0.1220703125
1 0.3525390625 0.54296875 0.0390625 0.1083984375
1 0.228515625 0.6025390625 0.033203125 0.134765625
1 0.5576171875 0.5546875 0.025390625 0.1083984375
1 0.515625 0.939453125 0.0419921875 0.1201171875
1 0.6787109375 0.4833984375 0.017578125 0.0849609375
0 0.5625 0.650390625 0.013671875 0.025390625
1 0.5693359375 0.60546875 0.0400390625 0.1171875