1 0.7490234375 0.6455078125 0.052734375 0.18359375
1 0.521484375 0.82421875 0.048828125 0.2353515625
1 0.7373046875 0.4345703125 0.021484375 0.1044921875
1 0.4130859375 0.50390625 0.025390625 0.1259765625
0 0.2353515625 0.5703125 0.0107421875 0.0185546875
1 0.5146484375 0.505859375 0.0185546875 0.119140625
1 0.9375 0.505859375 0.0302734375 0.1318359375
1 0.4453125 0.4931640625 0.021484375 0.126953125
1 0.166015625 0.5205078125 0.0302734375 0.111328125
1 0.759765625 0.4130859375 0.021484375 0.091796875
1 0.6708984375 0.908203125 0.0537109375 0.18359375