1 0.5986328125 0.50390625 0.0244140625 0.11328125
1 0.90234375 0.8095703125 0.0595703125 0.236328125
1 0.7626953125 0.861328125 0.0576171875 0.2197265625
1 0.8017578125 0.5244140625 0.029296875 0.1328125
1 0.673828125 0.4560546875 0.0185546875 0.0947265625
1 0.404296875 0.53125 0.0361328125 0.1318359375
1 0.4365234375 0.4501953125 0.0205078125 0.0947265625
1 0.373046875 0.5283203125 0.037109375 0.130859375
1 0.4599609375 0.4501953125 0.0263671875 0.0869140625
1 0.6240234375 0.9296875 0.0576171875 0.1396484375
1 0.4453125 0.48046875 0.0322265625 0.10546875
0 0.462890625 0.4853515625 0.0146484375 0.0263671875