0 0.5869140625 0.7119140625 0.0107421875 0.01953125
1 0.5341796875 0.5205078125 0.0244140625 0.1083984375
1 0.7548828125 0.7275390625 0.064453125 0.1650390625
1 0.82421875 0.5009765625 0.0244140625 0.1015625
1 0.583984375 0.5205078125 0.0234375 0.11328125
1 0.443359375 0.45703125 0.017578125 0.083984375
1 0.70703125 0.5537109375 0.02734375 0.1123046875
1 0.1044921875 0.70703125 0.0390625 0.15625
1 0.29296875 0.478515625 0.01953125 0.08203125
1 0.7041015625 0.4794921875 0.0205078125 0.0791015625
1 0.1533203125 0.7744140625 0.0458984375 0.205078125