1 0.42578125 0.5390625 0.03515625 0.103515625
1 0.947265625 0.708984375 0.0419921875 0.1865234375
0 0.34765625 0.6220703125 0.009765625 0.0166015625
1 0.60546875 0.541015625 0.03515625 0.1083984375
1 0.82421875 0.927734375 0.0751953125 0.1435546875
1 0.48828125 0.603515625 0.0224609375 0.119140625
1 0.2236328125 0.60546875 0.03515625 0.1083984375
1 0.890625 0.6376953125 0.025390625 0.1533203125
1 0.1748046875 0.52734375 0.0224609375 0.0859375
1 0.3427734375 0.546875 0.052734375 0.1015625
1 0.6611328125 0.95703125 0.06640625 0.0859375
1 0.138671875 0.8662109375 0.0390625 0.15625