1 0.6689453125 0.6337890625 0.0419921875 0.140625
1 0.876953125 0.5234375 0.0556640625 0.1240234375
1 0.53125 0.6025390625 0.0341796875 0.1455078125
1 0.671875 0.4912109375 0.04296875 0.099609375
1 0.5283203125 0.4716796875 0.03515625 0.1064453125
1 0.35546875 0.474609375 0.015625 0.1123046875
1 0.4365234375 0.505859375 0.03125 0.1181640625
1 0.271484375 0.44921875 0.0244140625 0.0888671875
1 0.1748046875 0.7041015625 0.0283203125 0.154296875
1 0.4130859375 0.4306640625 0.017578125 0.08203125
1 0.6845703125 0.931640625 0.0556640625 0.13671875
0 0.658203125 0.6669921875 0.013671875 0.0244140625