1 0.451171875 0.5771484375 0.029296875 0.1181640625
1 0.2666015625 0.509765625 0.0205078125 0.1064453125
1 0.48828125 0.4609375 0.01953125 0.0888671875
1 0.630859375 0.8798828125 0.072265625 0.2109375
1 0.8427734375 0.513671875 0.0322265625 0.1005859375
1 0.3427734375 0.443359375 0.015625 0.0771484375
1 0.431640625 0.4853515625 0.0185546875 0.095703125
1 0.9892578125 0.568359375 0.0205078125 0.1298828125
1 0.0556640625 0.7724609375 0.0478515625 0.1884765625
1 0.234375 0.482421875 0.015625 0.0810546875
1 0.44140625 0.90234375 0.048828125 0.1318359375
1 0.146484375 0.837890625 0.0400390625 0.181640625