1 0.6474609375 0.607421875 0.029296875 0.125
1 0.2197265625 0.6220703125 0.0283203125 0.1279296875
1 0.3037109375 0.548828125 0.01953125 0.09375
1 0.5546875 0.587890625 0.0205078125 0.126953125
1 0.5966796875 0.525390625 0.0234375 0.0947265625
1 0.447265625 0.54296875 0.02734375 0.08203125
1 0.1298828125 0.5888671875 0.048828125 0.09765625
1 0.982421875 0.62109375 0.0283203125 0.130859375
1 0.0205078125 0.8037109375 0.041015625 0.18359375
1 0.1083984375 0.875 0.04296875 0.2060546875
0 0.130859375 0.6181640625 0.0146484375 0.029296875