1 0.748046875 0.6103515625 0.021484375 0.12109375
1 0.568359375 0.626953125 0.0419921875 0.1416015625
1 0.390625 0.6767578125 0.0576171875 0.1591796875
1 0.6279296875 0.5546875 0.0224609375 0.0927734375
1 0.2138671875 0.9072265625 0.0546875 0.1845703125
1 0.158203125 0.5625 0.01953125 0.1181640625
1 0.8740234375 0.60546875 0.025390625 0.125
1 0.8095703125 0.529296875 0.021484375 0.0830078125
1 0.6787109375 0.4951171875 0.017578125 0.0810546875
1 0.7021484375 0.490234375 0.0146484375 0.0810546875
1 0.884765625 0.8857421875 0.0390625 0.2138671875
1 0.6103515625 0.939453125 0.0673828125 0.1201171875
0 0.7529296875 0.5322265625 0.0126953125 0.021484375