1 0.857421875 0.541015625 0.033203125 0.1171875
0 0.2919921875 0.6787109375 0.0107421875 0.01953125
1 0.2587890625 0.6259765625 0.0283203125 0.126953125
1 0.7607421875 0.560546875 0.0224609375 0.1240234375
1 0.6171875 0.8671875 0.0380859375 0.2265625
1 0.5595703125 0.5126953125 0.0185546875 0.0986328125
1 0.5283203125 0.607421875 0.0244140625 0.13671875
1 0.705078125 0.55078125 0.033203125 0.1220703125
1 0.5244140625 0.9130859375 0.046875 0.169921875
1 0.287109375 0.4833984375 0.017578125 0.0869140625
1 0.52734375 0.51171875 0.021484375 0.0869140625