1 0.80859375 0.6357421875 0.05078125 0.171875
1 0.2998046875 0.5263671875 0.0322265625 0.1396484375
1 0.146484375 0.68359375 0.048828125 0.173828125
1 0.427734375 0.8291015625 0.044921875 0.23828125
1 0.4716796875 0.474609375 0.029296875 0.1103515625
1 0.45703125 0.6298828125 0.0263671875 0.1748046875
0 0.677734375 0.6533203125 0.013671875 0.0234375
1 0.1025390625 0.5791015625 0.0341796875 0.1533203125
1 0.953125 0.4541015625 0.0302734375 0.1015625
1 0.828125 0.5224609375 0.0263671875 0.0498046875
1 0.26953125 0.921875 0.0625 0.15625