0 0.755859375 0.7607421875 0.01171875 0.021484375
1 0.2109375 0.8876953125 0.0595703125 0.224609375
1 0.7138671875 0.73046875 0.04296875 0.162109375
1 0.3642578125 0.65234375 0.048828125 0.15625
1 0.85546875 0.6787109375 0.0341796875 0.1494140625
1 0.787109375 0.83984375 0.044921875 0.2080078125
1 0.9921875 0.6435546875 0.015625 0.1298828125
1 0.7861328125 0.669921875 0.0283203125 0.1220703125
1 0.271484375 0.5615234375 0.02734375 0.111328125
1 0.322265625 0.583984375 0.029296875 0.0986328125
1 0.076171875 0.5546875 0.0283203125 0.1044921875