1 0.3408203125 0.8603515625 0.056640625 0.2294921875
1 0.4619140625 0.548828125 0.0224609375 0.1142578125
1 0.5830078125 0.5185546875 0.01953125 0.109375
1 0.8134765625 0.560546875 0.033203125 0.126953125
1 0.3701171875 0.5322265625 0.0244140625 0.1044921875
1 0.91015625 0.8212890625 0.052734375 0.2109375
1 0.212890625 0.505859375 0.0322265625 0.1025390625
1 0.9521484375 0.5009765625 0.02734375 0.0927734375
1 0.5458984375 0.46875 0.0185546875 0.095703125
1 0.2841796875 0.5771484375 0.02734375 0.119140625
0 0.384765625 0.56640625 0.0068359375 0.013671875
1 0.310546875 0.5263671875 0.0205078125 0.0830078125