1 0.6767578125 0.525390625 0.017578125 0.107421875
1 0.4609375 0.5771484375 0.0380859375 0.1318359375
1 0.6923828125 0.87890625 0.0703125 0.2412109375
1 0.216796875 0.638671875 0.0302734375 0.140625
1 0.826171875 0.646484375 0.04296875 0.154296875
1 0.1357421875 0.5 0.0234375 0.091796875
1 0.357421875 0.5302734375 0.0283203125 0.1044921875
1 0.0419921875 0.58203125 0.0302734375 0.1318359375
1 0.357421875 0.44140625 0.013671875 0.0595703125
1 0.400390625 0.4736328125 0.0185546875 0.0830078125
1 0.04296875 0.8251953125 0.060546875 0.1962890625
0 0.3544921875 0.5791015625 0.009765625 0.01953125
1 0.4990234375 0.9345703125 0.044921875 0.130859375