1 0.4482421875 0.5712890625 0.029296875 0.1162109375
1 0.2666015625 0.505859375 0.0205078125 0.1044921875
1 0.4853515625 0.45703125 0.0185546875 0.0869140625
1 0.625 0.869140625 0.0712890625 0.20703125
1 0.833984375 0.509765625 0.0322265625 0.0986328125
1 0.3408203125 0.4404296875 0.015625 0.076171875
1 0.4287109375 0.4814453125 0.0185546875 0.0947265625
1 0.9833984375 0.5634765625 0.029296875 0.1279296875
1 0.05859375 0.763671875 0.046875 0.185546875
1 0.2353515625 0.478515625 0.015625 0.080078125
1 0.439453125 0.8916015625 0.0478515625 0.1298828125
1 0.1484375 0.828125 0.0400390625 0.1787109375