1 0.3173828125 0.873046875 0.06640625 0.2412109375
1 0.1640625 0.587890625 0.0302734375 0.1435546875
1 0.328125 0.515625 0.0185546875 0.1142578125
1 0.6591796875 0.6748046875 0.052734375 0.1572265625
1 0.9697265625 0.5849609375 0.0390625 0.134765625
1 0.9111328125 0.84375 0.0498046875 0.2138671875
1 0.91015625 0.5009765625 0.0283203125 0.09765625
1 0.583984375 0.4384765625 0.017578125 0.080078125
1 0.5654296875 0.5205078125 0.03125 0.1240234375
1 0.494140625 0.498046875 0.044921875 0.0966796875
0 0.4794921875 0.5390625 0.0078125 0.0126953125
1 0.517578125 0.93359375 0.046875 0.1328125
1 0.4970703125 0.509765625 0.033203125 0.0859375