1 0.548828125 0.6171875 0.0341796875 0.1572265625
1 0.6533203125 0.84765625 0.056640625 0.228515625
1 0.08203125 0.5205078125 0.0322265625 0.10546875
1 0.5888671875 0.4873046875 0.025390625 0.107421875
1 0.41015625 0.7109375 0.037109375 0.169921875
1 0.28515625 0.529296875 0.0419921875 0.1201171875
1 0.380859375 0.5419921875 0.0263671875 0.1220703125
1 0.6328125 0.4755859375 0.0224609375 0.1044921875
0 0.5009765625 0.4248046875 0.0107421875 0.017578125
1 0.8662109375 0.529296875 0.0517578125 0.1171875
1 0.8984375 0.49609375 0.0234375 0.103515625
1 0.50390625 0.9111328125 0.0478515625 0.1767578125