1 0.1923828125 0.55859375 0.02734375 0.107421875
1 0.212890625 0.900390625 0.0625 0.19921875
1 0.765625 0.623046875 0.03125 0.1279296875
1 0.24609375 0.681640625 0.0380859375 0.162109375
1 0.5947265625 0.5478515625 0.01953125 0.09375
1 0.51171875 0.611328125 0.0380859375 0.1318359375
1 0.8662109375 0.6005859375 0.025390625 0.125
1 0.6376953125 0.494140625 0.01953125 0.0810546875
1 0.962890625 0.84765625 0.06640625 0.2001953125
1 0.8798828125 0.8681640625 0.0380859375 0.1669921875
0 0.4931640625 0.666015625 0.0087890625 0.0107421875
1 0.650390625 0.4736328125 0.021484375 0.0859375
1 0.7900390625 0.5205078125 0.03125 0.0556640625
0 0.7822265625 0.533203125 0.013671875 0.0263671875