1 0.658203125 0.8408203125 0.0556640625 0.2236328125
1 0.541015625 0.537109375 0.021484375 0.111328125
1 0.4228515625 0.5078125 0.0185546875 0.1064453125
1 0.1982421875 0.548828125 0.033203125 0.1240234375
1 0.6298828125 0.521484375 0.0244140625 0.1015625
1 0.103515625 0.802734375 0.0517578125 0.205078125
1 0.783203125 0.4951171875 0.03125 0.099609375
1 0.0634765625 0.4912109375 0.02734375 0.0908203125
1 0.458984375 0.4599609375 0.017578125 0.09375
1 0.7138671875 0.5654296875 0.02734375 0.1162109375
0 0.6162109375 0.5546875 0.0068359375 0.0126953125
1 0.6884765625 0.515625 0.0205078125 0.080078125