1 0.26171875 0.5205078125 0.025390625 0.1005859375
1 0.2451171875 0.654296875 0.0400390625 0.1435546875
1 0.6904296875 0.8740234375 0.0673828125 0.2275390625
1 0.478515625 0.53125 0.0224609375 0.115234375
0 0.7734375 0.587890625 0.0087890625 0.017578125
1 0.138671875 0.6005859375 0.0302734375 0.13671875
1 0.8515625 0.5322265625 0.0283203125 0.109375
1 0.384765625 0.466796875 0.0263671875 0.0791015625
1 0.3994140625 0.55078125 0.033203125 0.10546875
1 0.5419921875 0.9130859375 0.060546875 0.1728515625
1 0.0732421875 0.51171875 0.0234375 0.0849609375
1 0.0693359375 0.8466796875 0.041015625 0.154296875
1 0.2734375 0.7080078125 0.0615234375 0.1748046875