1 0.796875 0.890625 0.080078125 0.2177734375
1 0.2978515625 0.556640625 0.021484375 0.1171875
1 0.3818359375 0.599609375 0.0419921875 0.1416015625
1 0.9111328125 0.5322265625 0.0224609375 0.123046875
1 0.349609375 0.5224609375 0.0205078125 0.0966796875
1 0.2568359375 0.4658203125 0.0263671875 0.0849609375
1 0.4755859375 0.6298828125 0.03125 0.150390625
1 0.1357421875 0.5751953125 0.0244140625 0.126953125
1 0.125 0.865234375 0.037109375 0.2177734375
1 0.1728515625 0.4990234375 0.025390625 0.0869140625
1 0.3095703125 0.4580078125 0.0185546875 0.076171875
1 0.599609375 0.9306640625 0.0390625 0.138671875
0 0.29296875 0.4912109375 0.0126953125 0.0205078125