1 0.4462890625 0.5439453125 0.033203125 0.12890625
1 0.642578125 0.5283203125 0.0263671875 0.111328125
1 0.0869140625 0.8583984375 0.064453125 0.2470703125
1 0.361328125 0.474609375 0.0224609375 0.0986328125
0 0.47265625 0.79296875 0.013671875 0.02734375
1 0.740234375 0.876953125 0.048828125 0.212890625
1 0.490234375 0.4287109375 0.02734375 0.080078125
1 0.1181640625 0.6357421875 0.03125 0.162109375
1 0.49609375 0.7421875 0.056640625 0.193359375
1 0.3857421875 0.9521484375 0.060546875 0.095703125
1 0.138671875 0.6240234375 0.0263671875 0.0625
1 0.5380859375 0.732421875 0.0498046875 0.21875