1 0.6796875 0.580078125 0.0302734375 0.134765625
1 0.26171875 0.6123046875 0.04296875 0.1337890625
1 0.8291015625 0.89453125 0.072265625 0.208984375
1 0.3427734375 0.48046875 0.01953125 0.080078125
1 0.728515625 0.5458984375 0.04296875 0.1044921875
1 0.2939453125 0.59765625 0.0263671875 0.1162109375
1 0.212890625 0.4892578125 0.0224609375 0.0869140625
0 0.283203125 0.68359375 0.01171875 0.025390625
1 0.4248046875 0.4580078125 0.0166015625 0.080078125
1 0.2705078125 0.5263671875 0.0234375 0.080078125
1 0.66796875 0.9150390625 0.05859375 0.169921875