1 0.779296875 0.8916015625 0.0673828125 0.216796875
1 0.6474609375 0.548828125 0.046875 0.1083984375
1 0.373046875 0.48046875 0.025390625 0.1103515625
1 0.96484375 0.65625 0.06640625 0.177734375
1 0.693359375 0.4892578125 0.0234375 0.099609375
1 0.525390625 0.52734375 0.033203125 0.115234375
1 0.15234375 0.484375 0.0302734375 0.087890625
1 0.892578125 0.595703125 0.0556640625 0.15625
1 0.9677734375 0.5205078125 0.0224609375 0.1181640625
1 0.3740234375 0.5810546875 0.044921875 0.140625
1 0.0966796875 0.8603515625 0.0380859375 0.21875
0 0.513671875 0.55859375 0.0078125 0.015625