1 0.7802734375 0.6025390625 0.0419921875 0.1513671875
1 0.412109375 0.482421875 0.0302734375 0.0830078125
1 0.31640625 0.55078125 0.0205078125 0.0849609375
1 0.2705078125 0.560546875 0.0263671875 0.107421875
1 0.8291015625 0.89453125 0.0703125 0.208984375
1 0.220703125 0.490234375 0.0205078125 0.0791015625
1 0.6708984375 0.9169921875 0.060546875 0.166015625
1 0.203125 0.791015625 0.0341796875 0.1376953125
0 0.28125 0.5712890625 0.013671875 0.0224609375
1 0.3935546875 0.4599609375 0.0263671875 0.0869140625
1 0.283203125 0.53125 0.0283203125 0.1044921875
1 0.7919921875 0.5693359375 0.0205078125 0.1494140625