1 0.7255859375 0.4814453125 0.01953125 0.0966796875
1 0.7294921875 0.8720703125 0.06640625 0.23046875
1 0.8994140625 0.5146484375 0.0341796875 0.10546875
1 0.5576171875 0.5146484375 0.021484375 0.099609375
0 0.3994140625 0.5322265625 0.0078125 0.013671875
1 0.53125 0.611328125 0.029296875 0.1298828125
1 0.1611328125 0.5087890625 0.0205078125 0.0888671875
1 0.5390625 0.4404296875 0.015625 0.07421875
1 0.349609375 0.509765625 0.03125 0.099609375
1 0.6044921875 0.455078125 0.0126953125 0.0849609375
1 0.5556640625 0.9150390625 0.05859375 0.169921875
1 0.0849609375 0.8564453125 0.041015625 0.158203125