1 0.5703125 0.435546875 0.0224609375 0.111328125
1 0.6201171875 0.443359375 0.021484375 0.1142578125
1 0.17578125 0.4541015625 0.0400390625 0.130859375
1 0.267578125 0.408203125 0.0224609375 0.09765625
1 0.6806640625 0.3935546875 0.015625 0.08203125
1 0.9912109375 0.4326171875 0.0166015625 0.0966796875
1 0.3876953125 0.39453125 0.0234375 0.09375
1 0.8017578125 0.3681640625 0.0166015625 0.0810546875
1 0.2587890625 0.9404296875 0.0673828125 0.1181640625
1 0.7578125 0.904296875 0.06640625 0.17578125
1 0.7822265625 0.3740234375 0.0283203125 0.0771484375
0 0.8125 0.40234375 0.0107421875 0.021484375