1 0.775390625 0.8857421875 0.0634765625 0.22265625
1 0.65234375 0.5546875 0.0439453125 0.1015625
1 0.3955078125 0.4912109375 0.0234375 0.103515625
1 0.9501953125 0.6552734375 0.0615234375 0.1669921875
1 0.6953125 0.5 0.0224609375 0.09375
1 0.537109375 0.53515625 0.03125 0.1083984375
1 0.1875 0.4951171875 0.0283203125 0.08203125
1 0.8818359375 0.5986328125 0.0517578125 0.146484375
1 0.9521484375 0.5283203125 0.021484375 0.111328125
1 0.396484375 0.5849609375 0.0419921875 0.1318359375
1 0.1357421875 0.8466796875 0.0361328125 0.205078125
0 0.52734375 0.5634765625 0.0068359375 0.0146484375