1 0.7333984375 0.8837890625 0.060546875 0.224609375
1 0.287109375 0.533203125 0.0322265625 0.109375
1 0.4248046875 0.4873046875 0.01953125 0.083984375
1 0.6484375 0.71875 0.0439453125 0.1767578125
1 0.537109375 0.5556640625 0.0302734375 0.10546875
1 0.9189453125 0.5185546875 0.0205078125 0.1103515625
1 0.478515625 0.4794921875 0.01953125 0.083984375
1 0.533203125 0.4462890625 0.01953125 0.0654296875
1 0.140625 0.498046875 0.0185546875 0.0869140625
1 0.0732421875 0.873046875 0.0458984375 0.21875
0 0.55078125 0.4814453125 0.0068359375 0.0107421875
1 0.5634765625 0.9150390625 0.05859375 0.16796875