1 0.1826171875 0.869140625 0.08203125 0.259765625
1 0.69140625 0.5087890625 0.0224609375 0.1201171875
1 0.60546875 0.552734375 0.04296875 0.14453125
1 0.064453125 0.4833984375 0.0234375 0.1259765625
1 0.638671875 0.4736328125 0.021484375 0.0986328125
1 0.7333984375 0.4150390625 0.0263671875 0.0869140625
1 0.5107421875 0.583984375 0.03125 0.154296875
1 0.857421875 0.52734375 0.0244140625 0.1298828125
1 0.869140625 0.8251953125 0.0380859375 0.2236328125
1 0.8203125 0.44921875 0.0263671875 0.0888671875
1 0.6806640625 0.4072265625 0.01953125 0.078125
1 0.3828125 0.9111328125 0.0400390625 0.177734375
0 0.697265625 0.44140625 0.0126953125 0.0205078125