1 0.544921875 0.5390625 0.0263671875 0.111328125
1 0.3955078125 0.6513671875 0.0419921875 0.134765625
1 0.1884765625 0.5986328125 0.048828125 0.1337890625
1 0.2041015625 0.498046875 0.0283203125 0.099609375
1 0.3330078125 0.7255859375 0.0615234375 0.1669921875
1 0.513671875 0.8310546875 0.0380859375 0.220703125
0 0.45703125 0.5458984375 0.0087890625 0.0146484375
1 0.4755859375 0.5009765625 0.021484375 0.0986328125
1 0.1826171875 0.45703125 0.0224609375 0.0869140625
1 0.3740234375 0.91015625 0.0517578125 0.169921875
1 0.80078125 0.474609375 0.015625 0.0908203125