1 0.7548828125 0.80859375 0.048828125 0.21484375
1 0.302734375 0.5673828125 0.0263671875 0.1064453125
1 0.263671875 0.4912109375 0.0224609375 0.0869140625
1 0.404296875 0.5078125 0.021484375 0.09765625
1 0.6630859375 0.5263671875 0.0224609375 0.109375
1 0.2255859375 0.498046875 0.01953125 0.08984375
1 0.5556640625 0.466796875 0.0166015625 0.0751953125
1 0.1923828125 0.5 0.0234375 0.08203125
1 0.2861328125 0.4697265625 0.017578125 0.080078125
1 0.1494140625 0.857421875 0.0458984375 0.19140625
0 0.1728515625 0.529296875 0.009765625 0.015625