0 0.607421875 0.5537109375 0.009765625 0.01953125
1 0.525390625 0.5654296875 0.0283203125 0.1513671875
1 0.6201171875 0.4970703125 0.0458984375 0.1044921875
1 0.673828125 0.5478515625 0.0322265625 0.1044921875
1 0.5322265625 0.451171875 0.025390625 0.087890625
1 0.375 0.408203125 0.0205078125 0.0830078125
1 0.4677734375 0.4814453125 0.033203125 0.109375
1 0.919921875 0.505859375 0.03125 0.1240234375
1 0.3232421875 0.4609375 0.01953125 0.1005859375
1 0.2177734375 0.4404296875 0.01953125 0.0927734375
1 0.6435546875 0.9345703125 0.0556640625 0.130859375
1 0.1162109375 0.712890625 0.0244140625 0.1533203125