1 0.259765625 0.890625 0.046875 0.21875
1 0.04296875 0.5224609375 0.0185546875 0.12109375
1 0.3447265625 0.55859375 0.0234375 0.1123046875
1 0.4580078125 0.4814453125 0.025390625 0.0986328125
1 0.5205078125 0.4755859375 0.0146484375 0.0966796875
1 0.1962890625 0.71484375 0.0556640625 0.185546875
1 0.3310546875 0.4755859375 0.01953125 0.0908203125
1 0.69140625 0.5185546875 0.025390625 0.111328125
1 0.8798828125 0.5029296875 0.0234375 0.0908203125
1 0.4296875 0.927734375 0.0625 0.14453125
1 0.9384765625 0.8896484375 0.04296875 0.1875