1 0.544921875 0.5087890625 0.03125 0.103515625
1 0.7880859375 0.8818359375 0.0595703125 0.234375
1 0.4619140625 0.5537109375 0.0302734375 0.0966796875
1 0.5849609375 0.5087890625 0.0234375 0.0927734375
1 0.3154296875 0.5400390625 0.0205078125 0.1171875
1 0.2294921875 0.5986328125 0.0361328125 0.13671875
1 0.419921875 0.49609375 0.021484375 0.087890625
1 0.2021484375 0.498046875 0.0205078125 0.076171875
1 0.630859375 0.916015625 0.046875 0.16796875
1 0.3955078125 0.4453125 0.01953125 0.06640625
0 0.53515625 0.5517578125 0.0087890625 0.0146484375
1 0.146484375 0.8271484375 0.0361328125 0.16015625