1 0.2275390625 0.646484375 0.052734375 0.1484375
1 0.30078125 0.4609375 0.025390625 0.0947265625
1 0.24609375 0.4404296875 0.0224609375 0.08984375
1 0.322265625 0.5078125 0.0244140625 0.1142578125
1 0.548828125 0.4443359375 0.0244140625 0.0810546875
1 0.72265625 0.4775390625 0.0263671875 0.1044921875
1 0.4287109375 0.4267578125 0.021484375 0.0869140625
1 0.107421875 0.48046875 0.0234375 0.09765625
1 0.0185546875 0.8994140625 0.037109375 0.201171875
0 0.482421875 0.4853515625 0.0078125 0.013671875
1 0.482421875 0.4501953125 0.029296875 0.0888671875