0 0.38671875 0.568359375 0.0078125 0.013671875
1 0.7451171875 0.8271484375 0.048828125 0.21875
1 0.89453125 0.5849609375 0.0390625 0.13671875
1 0.31640625 0.5498046875 0.0283203125 0.119140625
1 0.572265625 0.5615234375 0.0361328125 0.125
1 0.40625 0.513671875 0.025390625 0.107421875
1 0.1650390625 0.6025390625 0.01953125 0.1201171875
1 0.2744140625 0.5556640625 0.0234375 0.1181640625
1 0.2578125 0.84375 0.0390625 0.2021484375
1 0.1884765625 0.50390625 0.0224609375 0.0888671875
1 0.2392578125 0.5087890625 0.0185546875 0.0966796875
1 0.1220703125 0.876953125 0.0419921875 0.2021484375
1 0.5087890625 0.4775390625 0.0224609375 0.064453125