1 0.3583984375 0.5185546875 0.0244140625 0.0966796875
1 0.4921875 0.5322265625 0.02734375 0.103515625
1 0.927734375 0.58984375 0.037109375 0.12890625
1 0.2060546875 0.658203125 0.046875 0.1416015625
1 0.21484375 0.521484375 0.0205078125 0.0986328125
1 0.0341796875 0.654296875 0.04296875 0.1298828125
1 0.7431640625 0.4931640625 0.0185546875 0.08984375
1 0.4736328125 0.462890625 0.021484375 0.072265625
1 0.2529296875 0.484375 0.015625 0.080078125
1 0.884765625 0.865234375 0.0537109375 0.1640625
0 0.3994140625 0.4921875 0.009765625 0.017578125