1 0.736328125 0.5009765625 0.02734375 0.0947265625
1 0.4599609375 0.8310546875 0.0341796875 0.1875
1 0.25 0.5087890625 0.02734375 0.1025390625
1 0.900390625 0.556640625 0.033203125 0.1259765625
1 0.330078125 0.51171875 0.01953125 0.095703125
1 0.400390625 0.4443359375 0.015625 0.083984375
1 0.328125 0.4404296875 0.015625 0.0615234375
1 0.1552734375 0.7822265625 0.041015625 0.1875
1 0.234375 0.48046875 0.0146484375 0.078125
1 0.1845703125 0.8291015625 0.03515625 0.212890625
1 0.3603515625 0.421875 0.0126953125 0.05859375
0 0.3779296875 0.4599609375 0.0107421875 0.0185546875