1 0.798828125 0.6220703125 0.0234375 0.12890625
1 0.6083984375 0.6396484375 0.0439453125 0.150390625
1 0.4189453125 0.6923828125 0.060546875 0.169921875
1 0.671875 0.5625 0.0234375 0.0986328125
1 0.2314453125 0.919921875 0.05859375 0.16015625
1 0.171875 0.5712890625 0.021484375 0.1259765625
1 0.93359375 0.6171875 0.02734375 0.1328125
1 0.865234375 0.53515625 0.0234375 0.087890625
1 0.7255859375 0.4990234375 0.0185546875 0.0859375
1 0.7509765625 0.494140625 0.015625 0.0859375
1 0.9443359375 0.900390625 0.041015625 0.19921875
1 0.6533203125 0.9541015625 0.0712890625 0.0908203125
0 0.8046875 0.5390625 0.013671875 0.0224609375