1 0.6640625 0.849609375 0.06640625 0.2412109375
1 0.51953125 0.615234375 0.037109375 0.16796875
1 0.6650390625 0.462890625 0.025390625 0.109375
1 0.45703125 0.697265625 0.0400390625 0.1728515625
0 0.314453125 0.56640625 0.0087890625 0.0146484375
1 0.3212890625 0.5087890625 0.03515625 0.1123046875
1 0.41015625 0.5126953125 0.0322265625 0.1240234375
1 0.599609375 0.4462890625 0.0224609375 0.099609375
1 0.0908203125 0.49609375 0.02734375 0.103515625
1 0.7529296875 0.4794921875 0.0439453125 0.1015625
1 0.5107421875 0.908203125 0.0498046875 0.18359375