1 0.37890625 0.90625 0.0576171875 0.1875
1 0.1943359375 0.6357421875 0.029296875 0.15625
1 0.513671875 0.6484375 0.0498046875 0.140625
1 0.1376953125 0.5693359375 0.037109375 0.123046875
1 0.349609375 0.560546875 0.0390625 0.109375
1 0.2255859375 0.62109375 0.0341796875 0.1357421875
1 0.5556640625 0.5732421875 0.025390625 0.109375
1 0.513671875 0.94921875 0.0419921875 0.1005859375
1 0.6767578125 0.5009765625 0.017578125 0.0859375
0 0.560546875 0.6689453125 0.013671875 0.025390625
1 0.5673828125 0.6240234375 0.0400390625 0.1181640625