1 0.572265625 0.4619140625 0.021484375 0.1044921875
1 0.619140625 0.4697265625 0.0205078125 0.107421875
1 0.2021484375 0.4794921875 0.0380859375 0.123046875
1 0.2890625 0.4365234375 0.021484375 0.0908203125
1 0.67578125 0.421875 0.0146484375 0.0771484375
1 0.97265625 0.4599609375 0.0263671875 0.08984375
1 0.4013671875 0.423828125 0.0224609375 0.087890625
1 0.7890625 0.3984375 0.015625 0.076171875
1 0.2802734375 0.9384765625 0.0625 0.1162109375
1 0.748046875 0.900390625 0.0615234375 0.1650390625
1 0.771484375 0.404296875 0.0263671875 0.072265625
0 0.798828125 0.4306640625 0.009765625 0.01953125