1 0.3017578125 0.6630859375 0.0478515625 0.16796875
1 0.5107421875 0.8271484375 0.044921875 0.2158203125
1 0.3125 0.470703125 0.01953125 0.095703125
1 0.609375 0.5341796875 0.0234375 0.115234375
0 0.771484375 0.5947265625 0.009765625 0.0166015625
1 0.515625 0.5361328125 0.017578125 0.109375
1 0.12890625 0.5361328125 0.02734375 0.1201171875
1 0.5791015625 0.5244140625 0.01953125 0.1162109375
1 0.8359375 0.548828125 0.02734375 0.1015625
1 0.2919921875 0.451171875 0.01953125 0.083984375
1 0.373046875 0.90625 0.0498046875 0.171875