1 0.494140625 0.658203125 0.041015625 0.17578125
1 0.58984375 0.76171875 0.0380859375 0.2041015625
1 0.3740234375 0.5234375 0.029296875 0.1005859375
1 0.0302734375 0.681640625 0.0400390625 0.150390625
1 0.8212890625 0.6123046875 0.0302734375 0.1376953125
1 0.115234375 0.5283203125 0.0283203125 0.1064453125
1 0.861328125 0.5498046875 0.03125 0.1220703125
1 0.5791015625 0.9365234375 0.0390625 0.1259765625
1 0.5849609375 0.5888671875 0.0283203125 0.140625
1 0.580078125 0.5615234375 0.05078125 0.109375
0 0.5654296875 0.6005859375 0.0126953125 0.0283203125