1 0.4541015625 0.4560546875 0.0185546875 0.119140625
1 0.6572265625 0.4208984375 0.0185546875 0.09765625
1 0.7978515625 0.43359375 0.017578125 0.1015625
1 0.41796875 0.4677734375 0.01953125 0.1171875
1 0.0869140625 0.4453125 0.0263671875 0.0966796875
1 0.3955078125 0.4169921875 0.0146484375 0.08984375
1 0.87890625 0.4921875 0.037109375 0.1328125
1 0.2060546875 0.3935546875 0.0244140625 0.0703125
1 0.037109375 0.8203125 0.0458984375 0.20703125
1 0.3154296875 0.91796875 0.0673828125 0.1640625
1 0.2275390625 0.3935546875 0.03515625 0.0751953125