1 0.23046875 0.6435546875 0.046875 0.1328125
1 0.2958984375 0.478515625 0.0224609375 0.083984375
1 0.2470703125 0.4599609375 0.01953125 0.080078125
1 0.3154296875 0.5205078125 0.021484375 0.1015625
1 0.517578125 0.462890625 0.021484375 0.072265625
1 0.6728515625 0.4931640625 0.0234375 0.09375
1 0.41015625 0.447265625 0.01953125 0.078125
1 0.123046875 0.4951171875 0.0205078125 0.0869140625
1 0.0361328125 0.8818359375 0.046875 0.205078125
0 0.4580078125 0.5 0.0068359375 0.01171875
1 0.4580078125 0.46875 0.0263671875 0.0791015625