1 0.259765625 0.4677734375 0.02734375 0.1328125
1 0.376953125 0.5654296875 0.037109375 0.1240234375
1 0.4404296875 0.5048828125 0.0341796875 0.1318359375
1 0.666015625 0.57421875 0.0361328125 0.1611328125
1 0.4794921875 0.4208984375 0.033203125 0.1025390625
1 0.9326171875 0.6376953125 0.0634765625 0.1787109375
1 0.076171875 0.794921875 0.056640625 0.25390625
1 0.0654296875 0.4560546875 0.05078125 0.1220703125
1 0.9775390625 0.4658203125 0.0361328125 0.099609375
0 0.8994140625 0.7001953125 0.013671875 0.0224609375
1 0.9677734375 0.876953125 0.064453125 0.2451171875
1 0.3671875 0.9248046875 0.06640625 0.150390625