1 0.7548828125 0.5947265625 0.0322265625 0.119140625
1 0.6845703125 0.486328125 0.01953125 0.08984375
1 0.505859375 0.4638671875 0.0185546875 0.0791015625
1 0.77734375 0.44921875 0.01953125 0.0791015625
1 0.7412109375 0.4580078125 0.0146484375 0.0859375
1 0.6162109375 0.443359375 0.0166015625 0.0751953125
1 0.876953125 0.48828125 0.017578125 0.087890625
1 0.6318359375 0.455078125 0.0185546875 0.05859375
0 0.607421875 0.470703125 0.005859375 0.009765625
1 0.9755859375 0.875 0.0419921875 0.203125
1 0.6708984375 0.921875 0.0556640625 0.15234375