1 0.4521484375 0.5546875 0.0283203125 0.1181640625
1 0.6123046875 0.673828125 0.044921875 0.14453125
1 0.8330078125 0.6171875 0.0517578125 0.142578125
1 0.81640625 0.5107421875 0.0302734375 0.1064453125
1 0.6787109375 0.75390625 0.0654296875 0.177734375
1 0.4853515625 0.8662109375 0.041015625 0.2353515625
0 0.5458984375 0.5625 0.0087890625 0.015625
1 0.5263671875 0.5146484375 0.0234375 0.10546875
1 0.83984375 0.4677734375 0.0244140625 0.0927734375
1 0.634765625 0.9296875 0.0546875 0.140625
1 0.1796875 0.486328125 0.0166015625 0.0966796875