1 0.771484375 0.7841796875 0.0478515625 0.2333984375
1 0.580078125 0.4765625 0.0419921875 0.1103515625
1 0.0791015625 0.740234375 0.0693359375 0.2001953125
1 0.7138671875 0.498046875 0.0390625 0.1083984375
1 0.45703125 0.5341796875 0.0322265625 0.130859375
1 0.728515625 0.4306640625 0.0205078125 0.0849609375
1 0.6884765625 0.4296875 0.01953125 0.0810546875
1 0.3525390625 0.4658203125 0.01953125 0.080078125
1 0.962890625 0.4560546875 0.0263671875 0.0966796875
0 0.2490234375 0.5634765625 0.0087890625 0.0166015625
1 0.37109375 0.4599609375 0.017578125 0.09375
1 0.5205078125 0.9248046875 0.0537109375 0.150390625