1 0.7548828125 0.8076171875 0.04296875 0.2177734375
1 0.599609375 0.4765625 0.017578125 0.0859375
1 0.4189453125 0.4873046875 0.0185546875 0.0986328125
1 0.6865234375 0.51953125 0.0244140625 0.1015625
1 0.3818359375 0.53125 0.0263671875 0.08984375
1 0.205078125 0.501953125 0.0185546875 0.0869140625
1 0.3427734375 0.4736328125 0.0234375 0.0771484375
1 0.1953125 0.794921875 0.044921875 0.1630859375
1 0.162109375 0.8583984375 0.041015625 0.1962890625
1 0.30078125 0.4697265625 0.021484375 0.076171875
0 0.2744140625 0.513671875 0.015625 0.0234375
1 0.2998046875 0.4931640625 0.0419921875 0.07421875