0 0.3623046875 0.5703125 0.0087890625 0.017578125
1 0.4375 0.580078125 0.025390625 0.138671875
1 0.3505859375 0.517578125 0.0419921875 0.095703125
1 0.3017578125 0.564453125 0.029296875 0.095703125
1 0.431640625 0.4755859375 0.0224609375 0.080078125
1 0.5751953125 0.4365234375 0.0185546875 0.076171875
1 0.490234375 0.50390625 0.0302734375 0.099609375
1 0.076171875 0.525390625 0.0283203125 0.1142578125
1 0.623046875 0.484375 0.017578125 0.091796875
1 0.7197265625 0.4658203125 0.017578125 0.0849609375
1 0.3291015625 0.9267578125 0.05078125 0.13671875
1 0.8125 0.71484375 0.0224609375 0.1396484375