1 0.3525390625 0.513671875 0.025390625 0.0986328125
1 0.4892578125 0.52734375 0.0283203125 0.10546875
1 0.9345703125 0.5869140625 0.0380859375 0.1318359375
1 0.1982421875 0.6552734375 0.0478515625 0.14453125
1 0.20703125 0.515625 0.021484375 0.1005859375
1 0.0224609375 0.65234375 0.0439453125 0.1328125
1 0.74609375 0.4873046875 0.0185546875 0.091796875
1 0.4716796875 0.4560546875 0.0224609375 0.0732421875
1 0.2451171875 0.478515625 0.015625 0.08203125
1 0.8916015625 0.8671875 0.0546875 0.1669921875
0 0.3955078125 0.486328125 0.009765625 0.017578125