1 0.263671875 0.865234375 0.0693359375 0.251953125
1 0.1044921875 0.56640625 0.03125 0.1494140625
1 0.275390625 0.4921875 0.0185546875 0.119140625
1 0.6201171875 0.658203125 0.0546875 0.1640625
1 0.9423828125 0.564453125 0.041015625 0.140625
1 0.8828125 0.833984375 0.052734375 0.2236328125
1 0.8818359375 0.4755859375 0.0302734375 0.1015625
1 0.5419921875 0.4111328125 0.017578125 0.083984375
1 0.521484375 0.4970703125 0.0322265625 0.12890625
1 0.4482421875 0.4736328125 0.046875 0.1005859375
0 0.431640625 0.515625 0.0078125 0.013671875
1 0.4736328125 0.9287109375 0.048828125 0.142578125
1 0.451171875 0.4853515625 0.03515625 0.0888671875