0 0.51953125 0.6064453125 0.0078125 0.017578125
1 0.6357421875 0.8876953125 0.060546875 0.224609375
1 0.662109375 0.51171875 0.0224609375 0.0908203125
1 0.5400390625 0.5615234375 0.0517578125 0.1005859375
1 0.7861328125 0.5888671875 0.0419921875 0.1357421875
1 0.8515625 0.6494140625 0.029296875 0.1650390625
1 0.404296875 0.5751953125 0.041015625 0.0908203125
1 0.3017578125 0.4951171875 0.021484375 0.0869140625
1 0.0126953125 0.552734375 0.025390625 0.0966796875
1 0.509765625 0.9345703125 0.0419921875 0.1298828125
1 0.6083984375 0.5478515625 0.029296875 0.076171875
1 0.25390625 0.953125 0.060546875 0.09375