1 0.2080078125 0.8271484375 0.05078125 0.2255859375
1 0.68359375 0.57421875 0.0283203125 0.111328125
1 0.7236328125 0.494140625 0.0234375 0.0908203125
1 0.576171875 0.51171875 0.0234375 0.1015625
1 0.3056640625 0.5322265625 0.0234375 0.1142578125
1 0.7646484375 0.5009765625 0.0205078125 0.09375
1 0.41796875 0.4697265625 0.017578125 0.0791015625
1 0.798828125 0.5029296875 0.0244140625 0.0859375
1 0.7001953125 0.4716796875 0.0185546875 0.0830078125
1 0.8447265625 0.8779296875 0.0478515625 0.201171875
0 0.818359375 0.53515625 0.0107421875 0.0166015625