1 0.6611328125 0.541015625 0.025390625 0.1005859375
1 0.521484375 0.5546875 0.0283203125 0.1083984375
1 0.06640625 0.615234375 0.0390625 0.134765625
1 0.8193359375 0.6865234375 0.048828125 0.1484375
1 0.810546875 0.5439453125 0.021484375 0.1025390625
1 0.98828125 0.6826171875 0.0234375 0.1357421875
1 0.259765625 0.513671875 0.0185546875 0.09375
1 0.5400390625 0.482421875 0.0224609375 0.0751953125
1 0.771484375 0.5048828125 0.0166015625 0.083984375
1 0.111328125 0.90234375 0.0556640625 0.1708984375
0 0.6171875 0.5126953125 0.009765625 0.017578125