0 0.6494140625 0.6376953125 0.009765625 0.017578125
1 0.6064453125 0.5205078125 0.033203125 0.0947265625
1 0.443359375 0.763671875 0.029296875 0.1904296875
1 0.419921875 0.5693359375 0.037109375 0.1318359375
1 0.1875 0.5458984375 0.017578125 0.1162109375
1 0.478515625 0.64453125 0.0302734375 0.1572265625
1 0.2373046875 0.6064453125 0.0341796875 0.1123046875
1 0.4658203125 0.5458984375 0.029296875 0.1220703125
1 0.9208984375 0.6630859375 0.0302734375 0.138671875
1 0.8642578125 0.517578125 0.0361328125 0.1005859375
1 0.474609375 0.921875 0.044921875 0.1552734375