1 0.3564453125 0.5986328125 0.0361328125 0.134765625
1 0.107421875 0.630859375 0.03515625 0.130859375
1 0.9365234375 0.603515625 0.037109375 0.1337890625
1 0.3837890625 0.4853515625 0.0185546875 0.0859375
1 0.5263671875 0.5341796875 0.03125 0.1103515625
1 0.28125 0.505859375 0.0185546875 0.0947265625
1 0.798828125 0.494140625 0.0205078125 0.0908203125
1 0.328125 0.478515625 0.0205078125 0.080078125
1 0.4931640625 0.4609375 0.01953125 0.0732421875
1 0.9560546875 0.87890625 0.056640625 0.1796875
0 0.408203125 0.494140625 0.009765625 0.013671875
1 0.4443359375 0.9365234375 0.0546875 0.1220703125