1 0.7421875 0.4912109375 0.025390625 0.125
1 0.630859375 0.5830078125 0.03515625 0.1162109375
1 0.5712890625 0.5263671875 0.0322265625 0.1240234375
1 0.3583984375 0.591796875 0.0341796875 0.1513671875
1 0.5341796875 0.4462890625 0.03125 0.0966796875
1 0.107421875 0.6513671875 0.0595703125 0.1689453125
1 0.9150390625 0.798828125 0.0537109375 0.2392578125
1 0.9248046875 0.4794921875 0.0478515625 0.115234375
1 0.0654296875 0.4892578125 0.0341796875 0.09375
0 0.138671875 0.7099609375 0.0126953125 0.021484375
1 0.064453125 0.8779296875 0.0791015625 0.234375
1 0.640625 0.9228515625 0.0634765625 0.14453125