1 0.4326171875 0.4736328125 0.0166015625 0.107421875
1 0.615234375 0.4423828125 0.0166015625 0.087890625
1 0.7421875 0.453125 0.0166015625 0.091796875
1 0.400390625 0.484375 0.017578125 0.10546875
1 0.1025390625 0.4638671875 0.0244140625 0.0869140625
1 0.3798828125 0.4384765625 0.013671875 0.080078125
1 0.8154296875 0.505859375 0.033203125 0.119140625
1 0.208984375 0.41796875 0.0224609375 0.0625
1 0.0576171875 0.8017578125 0.041015625 0.1865234375
1 0.3076171875 0.900390625 0.060546875 0.1689453125
1 0.228515625 0.4169921875 0.03125 0.0673828125