1 0.2431640625 0.6015625 0.041015625 0.13671875
1 0.333984375 0.58984375 0.04296875 0.13671875
1 0.8330078125 0.9091796875 0.0830078125 0.181640625
1 0.2607421875 0.5029296875 0.0234375 0.103515625
1 0.3896484375 0.54296875 0.0185546875 0.1123046875
1 0.1728515625 0.580078125 0.033203125 0.1279296875
1 0.318359375 0.4697265625 0.015625 0.0888671875
1 0.138671875 0.5283203125 0.0224609375 0.0966796875
1 0.6640625 0.9443359375 0.0537109375 0.1103515625
1 0.1357421875 0.87890625 0.037109375 0.1806640625
0 0.2412109375 0.5126953125 0.01171875 0.0224609375
1 0.349609375 0.54296875 0.0234375 0.1162109375