1 0.3291015625 0.4423828125 0.017578125 0.09765625
1 0.9091796875 0.8515625 0.0693359375 0.2470703125
1 0.6787109375 0.4658203125 0.03125 0.10546875
1 0.1318359375 0.435546875 0.029296875 0.091796875
1 0.0654296875 0.4560546875 0.01953125 0.08984375
1 0.50390625 0.4228515625 0.0166015625 0.083984375
1 0.2802734375 0.4638671875 0.0205078125 0.1015625
1 0.29296875 0.4306640625 0.013671875 0.0751953125
1 0.0361328125 0.796875 0.052734375 0.185546875
1 0.673828125 0.412109375 0.013671875 0.0869140625
1 0.1865234375 0.3896484375 0.01953125 0.0859375
0 0.2177734375 0.412109375 0.0126953125 0.01953125