1 0.8349609375 0.5673828125 0.0263671875 0.126953125
1 0.4853515625 0.87890625 0.0400390625 0.234375
1 0.58203125 0.5712890625 0.021484375 0.130859375
1 0.505859375 0.583984375 0.0224609375 0.119140625
1 0.228515625 0.4775390625 0.021484375 0.091796875
1 0.6103515625 0.5693359375 0.021484375 0.123046875
1 0.09765625 0.5830078125 0.03125 0.1376953125
1 0.271484375 0.5009765625 0.0234375 0.1025390625
1 0.4267578125 0.740234375 0.0400390625 0.1904296875
0 0.8115234375 0.6171875 0.009765625 0.017578125
1 0.337890625 0.935546875 0.0537109375 0.12890625