1 0.51171875 0.4990234375 0.0244140625 0.10546875
0 0.7373046875 0.689453125 0.01171875 0.0205078125
1 0.50390625 0.8330078125 0.04296875 0.2197265625
1 0.45703125 0.6328125 0.0283203125 0.154296875
1 0.232421875 0.7119140625 0.041015625 0.1748046875
1 0.8349609375 0.5302734375 0.02734375 0.1083984375
1 0.3896484375 0.5263671875 0.0224609375 0.1123046875
1 0.2265625 0.5693359375 0.02734375 0.13671875
1 0.8115234375 0.5908203125 0.0380859375 0.1318359375
1 0.0888671875 0.5654296875 0.0361328125 0.130859375
1 0.361328125 0.9150390625 0.052734375 0.169921875