0 0.8251953125 0.6669921875 0.0166015625 0.0302734375
1 0.857421875 0.65625 0.0546875 0.1943359375
1 0.220703125 0.4521484375 0.0302734375 0.1142578125
1 0.2294921875 0.4228515625 0.0380859375 0.10546875
1 0.44140625 0.484375 0.0283203125 0.1279296875
1 0.38671875 0.4716796875 0.03125 0.1337890625
1 0.8515625 0.4677734375 0.0400390625 0.130859375
1 0.3330078125 0.9130859375 0.0654296875 0.173828125
1 0.7001953125 0.62109375 0.0498046875 0.166015625
1 0.6142578125 0.3974609375 0.0234375 0.11328125
1 0.4833984375 0.4326171875 0.0263671875 0.1005859375