0 0.423828125 0.56640625 0.0185546875 0.0322265625
1 0.80859375 0.37890625 0.0224609375 0.1171875
1 0.7099609375 0.4736328125 0.0302734375 0.1357421875
1 0.5986328125 0.5078125 0.037109375 0.150390625
1 0.3134765625 0.3515625 0.0244140625 0.1103515625
1 0.2216796875 0.3232421875 0.0185546875 0.1064453125
1 0.2060546875 0.521484375 0.0498046875 0.169921875
1 0.3359375 0.650390625 0.0537109375 0.2216796875
1 0.3681640625 0.533203125 0.0322265625 0.1708984375
1 0.6455078125 0.857421875 0.0751953125 0.2431640625
1 0.8076171875 0.751953125 0.064453125 0.2236328125