0 0.7421875 0.3955078125 0.0166015625 0.021484375
1 0.517578125 0.8056640625 0.0546875 0.2900390625
1 0.2783203125 0.767578125 0.0546875 0.22265625
1 0.2236328125 0.359375 0.029296875 0.1298828125
1 0.2607421875 0.3125 0.021484375 0.125
1 0.33984375 0.322265625 0.0244140625 0.123046875
1 0.4326171875 0.3251953125 0.0244140625 0.1328125
1 0.4091796875 0.2880859375 0.0234375 0.1162109375
1 0.501953125 0.3125 0.0283203125 0.125
1 0.5283203125 0.3125 0.025390625 0.09765625
1 0.6962890625 0.3583984375 0.0478515625 0.1181640625
1 0.7412109375 0.34375 0.037109375 0.1181640625