0 0.4931640625 0.41796875 0.015625 0.0244140625
1 0.345703125 0.6611328125 0.056640625 0.234375
1 0.3583984375 0.40625 0.0458984375 0.1845703125
1 0.1513671875 0.3046875 0.0458984375 0.1416015625
1 0.2392578125 0.6474609375 0.05078125 0.2763671875
1 0.22265625 0.7783203125 0.05859375 0.2783203125
1 0.9208984375 0.7880859375 0.0849609375 0.2890625
1 0.9150390625 0.865234375 0.0634765625 0.26953125
1 0.62890625 0.45703125 0.0537109375 0.2099609375
1 0.5966796875 0.318359375 0.0390625 0.1318359375
1 0.560546875 0.330078125 0.025390625 0.123046875
1 0.5458984375 0.2822265625 0.0361328125 0.12109375
1 0.7353515625 0.2685546875 0.0361328125 0.126953125
1 0.9462890625 0.26953125 0.044921875 0.130859375