0 0.35546875 0.251953125 0.015625 0.029296875
1 0.26953125 0.31640625 0.033203125 0.16796875
1 0.322265625 0.2119140625 0.0283203125 0.1240234375
1 0.044921875 0.70703125 0.0458984375 0.26171875
1 0.56640625 0.8525390625 0.06640625 0.2939453125
1 0.2958984375 0.8759765625 0.0673828125 0.1982421875
1 0.1240234375 0.814453125 0.076171875 0.16015625
1 0.755859375 0.2333984375 0.02734375 0.1123046875
1 0.75 0.2080078125 0.0400390625 0.123046875
1 0.822265625 0.2919921875 0.0458984375 0.1494140625
1 0.869140625 0.3037109375 0.037109375 0.1484375