0 0.7861328125 0.4443359375 0.017578125 0.0244140625
1 0.810546875 0.396484375 0.05078125 0.14453125
1 0.4951171875 0.2978515625 0.0263671875 0.1083984375
1 0.4599609375 0.361328125 0.02734375 0.126953125
1 0.4423828125 0.46875 0.0400390625 0.150390625
1 0.3974609375 0.4267578125 0.0283203125 0.1630859375
1 0.3759765625 0.333984375 0.033203125 0.1240234375
1 0.2255859375 0.4072265625 0.0263671875 0.15234375
1 0.2060546875 0.359375 0.0234375 0.1328125
1 0.25 0.337890625 0.01953125 0.11328125
1 0.0185546875 0.3515625 0.0322265625 0.1220703125
1 0.228515625 0.8134765625 0.0537109375 0.2919921875
1 0.07421875 0.8037109375 0.07421875 0.25