0 0.6787109375 0.544921875 0.0166015625 0.0283203125
1 0.62890625 0.5244140625 0.0390625 0.14453125
1 0.6103515625 0.509765625 0.048828125 0.1279296875
1 0.548828125 0.458984375 0.044921875 0.111328125
1 0.548828125 0.6416015625 0.048828125 0.1767578125
1 0.734375 0.7294921875 0.0634765625 0.2490234375
1 0.8515625 0.4794921875 0.0341796875 0.142578125
1 0.6943359375 0.39453125 0.0283203125 0.1044921875
1 0.140625 0.4638671875 0.0244140625 0.1181640625
1 0.0693359375 0.478515625 0.0390625 0.130859375
1 0.359375 0.9072265625 0.0576171875 0.1845703125