0 0.6455078125 0.3994140625 0.01171875 0.01953125
1 0.568359375 0.4091796875 0.0390625 0.1025390625
1 0.4228515625 0.5732421875 0.03125 0.16015625
1 0.28515625 0.8994140625 0.0380859375 0.201171875
1 0.6171875 0.3974609375 0.03515625 0.099609375
1 0.6357421875 0.3623046875 0.021484375 0.083984375
1 0.693359375 0.380859375 0.0341796875 0.103515625
1 0.7783203125 0.4599609375 0.0390625 0.138671875
1 0.7763671875 0.4150390625 0.0263671875 0.1103515625
1 0.83984375 0.431640625 0.0322265625 0.109375
1 0.888671875 0.4111328125 0.0283203125 0.12109375
1 0.8349609375 0.3544921875 0.025390625 0.0673828125