0 0.666015625 0.451171875 0.0205078125 0.0361328125
1 0.048828125 0.509765625 0.0751953125 0.2119140625
1 0.2470703125 0.3330078125 0.0361328125 0.171875
1 0.1865234375 0.265625 0.0341796875 0.12890625
1 0.4306640625 0.416015625 0.0458984375 0.1806640625
1 0.580078125 0.46875 0.064453125 0.173828125
1 0.5380859375 0.330078125 0.044921875 0.1435546875
1 0.62109375 0.2958984375 0.0439453125 0.0947265625
1 0.5908203125 0.2587890625 0.02734375 0.10546875
1 0.8193359375 0.380859375 0.0458984375 0.14453125
1 0.744140625 0.2890625 0.044921875 0.1181640625
1 0.6767578125 0.6962890625 0.046875 0.2353515625
1 0.4560546875 0.748046875 0.064453125 0.283203125