1 0.3994140625 0.6640625 0.0390625 0.19140625
1 0.8193359375 0.603515625 0.041015625 0.1611328125
1 0.6953125 0.7666015625 0.056640625 0.232421875
1 0.2568359375 0.4892578125 0.0380859375 0.1162109375
1 0.3857421875 0.486328125 0.0361328125 0.1025390625
1 0.626953125 0.4697265625 0.021484375 0.0986328125
1 0.6064453125 0.4599609375 0.0419921875 0.095703125
0 0.5439453125 0.50390625 0.01171875 0.0205078125
1 0.087890625 0.884765625 0.08203125 0.23046875
1 0.6181640625 0.919921875 0.044921875 0.16015625
1 0.4482421875 0.9306640625 0.0595703125 0.138671875