0 0.884765625 0.615234375 0.015625 0.03515625
1 0.6982421875 0.552734375 0.056640625 0.15234375
1 0.68359375 0.5283203125 0.02734375 0.1611328125
1 0.134765625 0.4931640625 0.0400390625 0.134765625
1 0.0205078125 0.5302734375 0.041015625 0.1572265625
1 0.32421875 0.9296875 0.0634765625 0.1396484375
1 0.6259765625 0.6943359375 0.05078125 0.201171875
1 0.517578125 0.4873046875 0.0302734375 0.1279296875
1 0.7236328125 0.41015625 0.029296875 0.1220703125
1 0.9375 0.5244140625 0.03515625 0.1591796875
1 0.744140625 0.7763671875 0.06640625 0.2626953125