1 0.453125 0.650390625 0.0341796875 0.1904296875
1 0.484375 0.615234375 0.0283203125 0.169921875
1 0.53515625 0.5419921875 0.03515625 0.1083984375
1 0.5732421875 0.5185546875 0.03515625 0.111328125
1 0.6025390625 0.5068359375 0.03515625 0.103515625
1 0.671875 0.4990234375 0.0302734375 0.107421875
1 0.6962890625 0.576171875 0.03515625 0.134765625
1 0.921875 0.6083984375 0.0556640625 0.169921875
1 0.9931640625 0.5380859375 0.0126953125 0.14453125
0 0.609375 0.5849609375 0.01171875 0.0185546875
1 0.68359375 0.916015625 0.06640625 0.16796875
1 0.75 0.97265625 0.0625 0.0546875