0 0.62109375 0.28515625 0.009765625 0.0146484375
1 0.431640625 0.7470703125 0.078125 0.244140625
1 0.732421875 0.734375 0.0458984375 0.2138671875
1 0.5595703125 0.3994140625 0.03125 0.1494140625
1 0.5517578125 0.3642578125 0.0244140625 0.1162109375
1 0.646484375 0.2939453125 0.01953125 0.1142578125
1 0.73828125 0.3115234375 0.0205078125 0.1123046875
1 0.58203125 0.2724609375 0.0234375 0.0634765625
1 0.46484375 0.3447265625 0.01953125 0.1181640625
1 0.337890625 0.3291015625 0.0205078125 0.12890625
1 0.0693359375 0.5791015625 0.0791015625 0.2060546875