0 0.4931640625 0.5224609375 0.0107421875 0.0234375
1 0.095703125 0.5390625 0.0517578125 0.1689453125
1 0.2939453125 0.572265625 0.044921875 0.1826171875
1 0.5078125 0.5419921875 0.05078125 0.1650390625
1 0.5927734375 0.4384765625 0.03515625 0.125
1 0.7578125 0.388671875 0.0283203125 0.109375
1 0.8447265625 0.7353515625 0.0595703125 0.2265625
1 0.92578125 0.765625 0.044921875 0.25
1 0.470703125 0.4345703125 0.0380859375 0.1328125
1 0.345703125 0.400390625 0.03515625 0.1220703125
1 0.2822265625 0.4169921875 0.0322265625 0.1259765625
1 0.24609375 0.3876953125 0.0224609375 0.12890625