0 0.8037109375 0.470703125 0.013671875 0.029296875
1 0.421875 0.2822265625 0.02734375 0.0966796875
1 0.5869140625 0.44921875 0.0478515625 0.154296875
1 0.8564453125 0.4375 0.0361328125 0.1474609375
1 0.7314453125 0.3671875 0.0341796875 0.1328125
1 0.3720703125 0.349609375 0.0302734375 0.1064453125
1 0.3544921875 0.3857421875 0.04296875 0.126953125
1 0.2734375 0.4228515625 0.0302734375 0.16015625
1 0.2177734375 0.6181640625 0.0556640625 0.19140625
1 0.337890625 0.6376953125 0.060546875 0.2138671875
1 0.3251953125 0.802734375 0.0654296875 0.2744140625
1 0.240234375 0.8447265625 0.0791015625 0.279296875
1 0.2744140625 0.9013671875 0.052734375 0.1787109375
1 0.4755859375 0.93359375 0.072265625 0.1328125
1 0.625 0.84375 0.0703125 0.1337890625