0 0.720703125 0.5576171875 0.017578125 0.0283203125
1 0.7431640625 0.50390625 0.03125 0.14453125
1 0.46875 0.5537109375 0.03515625 0.154296875
1 0.447265625 0.5458984375 0.0302734375 0.162109375
1 0.0498046875 0.498046875 0.04296875 0.1328125
1 0.109375 0.4755859375 0.0283203125 0.1240234375
1 0.41796875 0.4873046875 0.025390625 0.1201171875
1 0.4169921875 0.6826171875 0.03515625 0.1865234375
1 0.7333984375 0.73828125 0.05078125 0.23828125
1 0.48828125 0.431640625 0.0322265625 0.1025390625
1 0.421875 0.953125 0.046875 0.0927734375