0 0.62890625 0.3203125 0.01171875 0.0224609375
1 0.279296875 0.7646484375 0.0693359375 0.22265625
1 0.7890625 0.8759765625 0.08203125 0.244140625
1 0.6513671875 0.2802734375 0.0263671875 0.1328125
1 0.3779296875 0.3095703125 0.0234375 0.1171875
1 0.572265625 0.306640625 0.0263671875 0.125
1 0.40234375 0.2646484375 0.02734375 0.0966796875
1 0.40625 0.236328125 0.041015625 0.1015625
1 0.2373046875 0.3115234375 0.048828125 0.0986328125
1 0.0947265625 0.765625 0.0693359375 0.26953125
1 0.056640625 0.458984375 0.0556640625 0.189453125
1 0.1064453125 0.3828125 0.05078125 0.154296875
1 0.0166015625 0.3115234375 0.0302734375 0.134765625