0 0.80078125 0.388671875 0.015625 0.0302734375
1 0.451171875 0.79296875 0.05859375 0.2734375
1 0.4365234375 0.4189453125 0.0244140625 0.15234375
1 0.404296875 0.41015625 0.0263671875 0.1337890625
1 0.4462890625 0.34765625 0.025390625 0.1064453125
1 0.4677734375 0.3076171875 0.02734375 0.087890625
1 0.76171875 0.361328125 0.0439453125 0.11328125
1 0.9189453125 0.4375 0.0537109375 0.1455078125
1 0.755859375 0.486328125 0.0419921875 0.171875
1 0.3388671875 0.603515625 0.0517578125 0.193359375
1 0.2978515625 0.654296875 0.072265625 0.22265625
1 0.3447265625 0.8271484375 0.0673828125 0.279296875
1 0.3837890625 0.8994140625 0.0546875 0.1943359375
1 0.5810546875 0.939453125 0.0703125 0.12109375
1 0.734375 0.875 0.0791015625 0.142578125