0 0.5498046875 0.44140625 0.0107421875 0.0166015625
1 0.296875 0.6328125 0.0458984375 0.1806640625
1 0.3603515625 0.9013671875 0.064453125 0.197265625
1 0.72265625 0.4892578125 0.0380859375 0.142578125
1 0.892578125 0.41015625 0.021484375 0.1142578125
1 0.8173828125 0.3603515625 0.021484375 0.0986328125
1 0.69921875 0.4658203125 0.02734375 0.1240234375
1 0.640625 0.4794921875 0.0419921875 0.13671875
1 0.5927734375 0.423828125 0.0322265625 0.10546875
1 0.48828125 0.412109375 0.03125 0.1015625
1 0.537109375 0.4365234375 0.03125 0.109375
1 0.5439453125 0.404296875 0.0244140625 0.087890625