0 0.5625 0.501953125 0.0185546875 0.0302734375
1 0.123046875 0.4560546875 0.037109375 0.14453125
1 0.16015625 0.5732421875 0.0771484375 0.15625
1 0.3017578125 0.421875 0.0302734375 0.1376953125
1 0.3974609375 0.513671875 0.0302734375 0.1650390625
1 0.5068359375 0.4326171875 0.02734375 0.123046875
1 0.533203125 0.412109375 0.0234375 0.12890625
1 0.6591796875 0.4638671875 0.037109375 0.123046875
1 0.65625 0.4345703125 0.041015625 0.1279296875
1 0.5810546875 0.3984375 0.0361328125 0.103515625
1 0.486328125 0.8466796875 0.044921875 0.2451171875
1 0.509765625 0.86328125 0.0751953125 0.21484375
1 0.5869140625 0.8134765625 0.0361328125 0.220703125
1 0.5986328125 0.763671875 0.0302734375 0.2451171875