0 0.341796875 0.4716796875 0.017578125 0.025390625
1 0.5322265625 0.45703125 0.037109375 0.1318359375
1 0.5576171875 0.4482421875 0.03515625 0.1376953125
1 0.779296875 0.4296875 0.03125 0.1171875
1 0.767578125 0.408203125 0.0244140625 0.11328125
1 0.482421875 0.4033203125 0.0244140625 0.1064453125
1 0.408203125 0.376953125 0.0263671875 0.1064453125
1 0.181640625 0.4541015625 0.02734375 0.1376953125
1 0.1259765625 0.6337890625 0.0478515625 0.2001953125
1 0.431640625 0.587890625 0.056640625 0.1533203125
1 0.62890625 0.9150390625 0.0498046875 0.169921875