0 0.6533203125 0.4248046875 0.0146484375 0.0205078125
1 0.36328125 0.5068359375 0.029296875 0.126953125
1 0.513671875 0.4111328125 0.03125 0.1025390625
1 0.69140625 0.376953125 0.0224609375 0.095703125
1 0.724609375 0.4140625 0.025390625 0.107421875
1 0.771484375 0.3974609375 0.0224609375 0.09765625
1 0.8154296875 0.4306640625 0.0283203125 0.0986328125
1 0.7841796875 0.5400390625 0.0361328125 0.1552734375
1 0.4423828125 0.859375 0.064453125 0.2578125
1 0.6943359375 0.4560546875 0.0400390625 0.109375
1 0.83984375 0.4130859375 0.0224609375 0.10546875