1 0.572265625 0.62109375 0.03125 0.1767578125
1 0.54296875 0.587890625 0.0263671875 0.158203125
1 0.49609375 0.51953125 0.033203125 0.1005859375
1 0.4609375 0.498046875 0.033203125 0.1044921875
1 0.4326171875 0.4873046875 0.0322265625 0.095703125
1 0.3681640625 0.4794921875 0.0283203125 0.099609375
1 0.345703125 0.5517578125 0.033203125 0.1259765625
1 0.1357421875 0.58203125 0.0517578125 0.158203125
1 0.060546875 0.5166015625 0.0302734375 0.1337890625
0 0.42578125 0.5595703125 0.01171875 0.0166015625
1 0.357421875 0.89453125 0.0615234375 0.2080078125
1 0.296875 0.9482421875 0.05859375 0.1025390625