1 0.26171875 0.4033203125 0.03515625 0.119140625
1 0.2880859375 0.3701171875 0.0478515625 0.109375
1 0.232421875 0.3505859375 0.033203125 0.08203125
1 0.255859375 0.330078125 0.0234375 0.0947265625
1 0.1650390625 0.3876953125 0.0283203125 0.1103515625
1 0.13671875 0.3994140625 0.02734375 0.111328125
1 0.15625 0.427734375 0.0302734375 0.1484375
1 0.4833984375 0.5439453125 0.052734375 0.1728515625
1 0.6650390625 0.896484375 0.0654296875 0.20703125
1 0.033203125 0.3876953125 0.0263671875 0.1240234375
1 0.072265625 0.3486328125 0.0341796875 0.119140625