0 0.693359375 0.376953125 0.0146484375 0.021484375
1 0.9375 0.3994140625 0.0478515625 0.1435546875
1 0.5439453125 0.4423828125 0.037109375 0.1474609375
1 0.5947265625 0.298828125 0.0205078125 0.111328125
1 0.498046875 0.345703125 0.03515625 0.12109375
1 0.4521484375 0.412109375 0.0322265625 0.150390625
1 0.3935546875 0.369140625 0.0263671875 0.1298828125
1 0.4169921875 0.33203125 0.0341796875 0.123046875
1 0.3369140625 0.3486328125 0.033203125 0.1103515625
1 0.3017578125 0.3525390625 0.0205078125 0.1318359375
1 0.12109375 0.3349609375 0.0244140625 0.1259765625
1 0.1611328125 0.7744140625 0.0654296875 0.2373046875
1 0.3115234375 0.802734375 0.0595703125 0.2822265625