0 0.1845703125 0.572265625 0.0205078125 0.0361328125
1 0.0693359375 0.33984375 0.0400390625 0.1181640625
1 0.142578125 0.4990234375 0.0517578125 0.22265625
1 0.40625 0.4921875 0.0537109375 0.19140625
1 0.2998046875 0.7265625 0.0693359375 0.29296875
1 0.599609375 0.5458984375 0.048828125 0.203125
1 0.7236328125 0.69140625 0.0546875 0.236328125
1 0.78515625 0.857421875 0.072265625 0.28515625
1 0.6240234375 0.927734375 0.083984375 0.14453125
1 0.9541015625 0.376953125 0.041015625 0.15234375
1 0.830078125 0.47265625 0.048828125 0.1572265625
1 0.16796875 0.255859375 0.025390625 0.1015625
1 0.16796875 0.259765625 0.03125 0.1064453125