0 0.658203125 0.630859375 0.0146484375 0.0390625
1 0.4150390625 0.8359375 0.0771484375 0.24609375
1 0.7158203125 0.62109375 0.0673828125 0.20703125
1 0.6689453125 0.3798828125 0.033203125 0.1220703125
1 0.90625 0.88671875 0.06640625 0.2255859375
1 0.40234375 0.5419921875 0.044921875 0.1494140625
1 0.369140625 0.4365234375 0.0341796875 0.1201171875
1 0.275390625 0.384765625 0.0224609375 0.107421875
1 0.1875 0.451171875 0.0234375 0.1279296875
1 0.279296875 0.3544921875 0.029296875 0.11328125
1 0.5283203125 0.423828125 0.025390625 0.111328125