0 0.45703125 0.5166015625 0.017578125 0.03515625
1 0.3076171875 0.4453125 0.068359375 0.166015625
1 0.39453125 0.357421875 0.03515625 0.15234375
1 0.4765625 0.2060546875 0.0341796875 0.11328125
1 0.587890625 0.234375 0.037109375 0.111328125
1 0.7470703125 0.3505859375 0.0419921875 0.15625
1 0.7470703125 0.27734375 0.0302734375 0.125
1 0.7734375 0.240234375 0.037109375 0.1220703125
1 0.953125 0.3935546875 0.0439453125 0.1748046875
1 0.7333984375 0.640625 0.0693359375 0.2294921875
1 0.646484375 0.7255859375 0.0673828125 0.2158203125
1 0.1142578125 0.8798828125 0.0791015625 0.240234375
1 0.798828125 0.732421875 0.0732421875 0.232421875
1 0.900390625 0.775390625 0.0791015625 0.283203125
1 0.9794921875 0.275390625 0.0380859375 0.1337890625