0 0.4111328125 0.5390625 0.017578125 0.03125
1 0.7890625 0.35546875 0.0224609375 0.115234375
1 0.69140625 0.4482421875 0.029296875 0.1328125
1 0.58203125 0.482421875 0.0361328125 0.1484375
1 0.302734375 0.328125 0.0234375 0.1083984375
1 0.2109375 0.30078125 0.0185546875 0.10546875
1 0.1962890625 0.49609375 0.0498046875 0.1669921875
1 0.32421875 0.6220703125 0.052734375 0.2177734375
1 0.3564453125 0.5078125 0.03125 0.16796875
1 0.62890625 0.826171875 0.07421875 0.2392578125
1 0.7890625 0.72265625 0.0634765625 0.220703125
1 0.98828125 0.458984375 0.0234375 0.1484375