0 0.5029296875 0.568359375 0.017578125 0.025390625
1 0.4248046875 0.4912109375 0.044921875 0.14453125
1 0.3349609375 0.7060546875 0.0732421875 0.19921875
1 0.0654296875 0.4833984375 0.0400390625 0.1376953125
1 0.3251953125 0.3642578125 0.025390625 0.1181640625
1 0.697265625 0.341796875 0.0341796875 0.0966796875
1 0.861328125 0.3173828125 0.021484375 0.103515625
1 0.908203125 0.490234375 0.03125 0.17578125
1 0.72265625 0.5224609375 0.0263671875 0.1845703125
1 0.697265625 0.638671875 0.05859375 0.216796875
1 0.6064453125 0.828125 0.083984375 0.25
1 0.4931640625 0.4853515625 0.04296875 0.146484375