0 0.517578125 0.3583984375 0.017578125 0.0283203125
1 0.640625 0.5380859375 0.0478515625 0.2314453125
1 0.62890625 0.3251953125 0.046875 0.1220703125
1 0.392578125 0.404296875 0.0517578125 0.177734375
1 0.265625 0.345703125 0.0361328125 0.1298828125
1 0.0537109375 0.41015625 0.048828125 0.1611328125
1 0.2880859375 0.796875 0.05078125 0.310546875
1 0.5107421875 0.802734375 0.0673828125 0.298828125
1 0.4765625 0.8857421875 0.078125 0.228515625
1 0.7763671875 0.400390625 0.03515625 0.173828125
1 0.78515625 0.30078125 0.0400390625 0.12890625
1 0.740234375 0.318359375 0.041015625 0.130859375