1 0.240234375 0.5810546875 0.0341796875 0.130859375
1 0.1865234375 0.62109375 0.04296875 0.1552734375
1 0.12109375 0.5126953125 0.03125 0.1220703125
1 0.4326171875 0.546875 0.033203125 0.1318359375
1 0.578125 0.61328125 0.0361328125 0.1650390625
1 0.6337890625 0.53515625 0.03125 0.1337890625
1 0.8203125 0.548828125 0.029296875 0.142578125
1 0.3642578125 0.51171875 0.021484375 0.1181640625
1 0.3388671875 0.5087890625 0.0224609375 0.1142578125
0 0.3134765625 0.58984375 0.017578125 0.02734375
1 0.404296875 0.880859375 0.0546875 0.232421875
1 0.369140625 0.94921875 0.0634765625 0.1015625