0 0.302734375 0.3310546875 0.01171875 0.0185546875
1 0.3037109375 0.3955078125 0.0283203125 0.12109375
1 0.3203125 0.296875 0.02734375 0.109375
1 0.3037109375 0.298828125 0.021484375 0.068359375
1 0.46484375 0.296875 0.0224609375 0.1044921875
1 0.5087890625 0.373046875 0.0380859375 0.13671875
1 0.56640625 0.3212890625 0.029296875 0.1142578125
1 0.6689453125 0.318359375 0.0234375 0.125
1 0.7919921875 0.357421875 0.0302734375 0.11328125
1 0.775390625 0.3095703125 0.02734375 0.119140625
1 0.744140625 0.724609375 0.0546875 0.2314453125
1 0.609375 0.76171875 0.0576171875 0.2744140625