0 0.3544921875 0.2998046875 0.013671875 0.025390625
1 0.22265625 0.2861328125 0.0400390625 0.1337890625
1 0.37109375 0.2578125 0.0263671875 0.1123046875
1 0.1181640625 0.5224609375 0.0439453125 0.2080078125
1 0.31640625 0.673828125 0.056640625 0.2783203125
1 0.431640625 0.6162109375 0.044921875 0.291015625
1 0.53125 0.630859375 0.0361328125 0.2490234375
1 0.4794921875 0.361328125 0.0380859375 0.15625
1 0.4404296875 0.2998046875 0.0283203125 0.1416015625
1 0.7099609375 0.3330078125 0.0302734375 0.1630859375
1 0.7998046875 0.2978515625 0.029296875 0.1279296875
1 0.9638671875 0.31640625 0.033203125 0.1552734375
1 0.869140625 0.4921875 0.05078125 0.2041015625
1 0.83203125 0.923828125 0.0625 0.15234375