0 0.609375 0.544921875 0.009765625 0.025390625
1 0.095703125 0.509765625 0.041015625 0.1552734375
1 0.1669921875 0.3994140625 0.0302734375 0.1328125
1 0.2900390625 0.404296875 0.025390625 0.1259765625
1 0.357421875 0.482421875 0.02734375 0.154296875
1 0.4365234375 0.388671875 0.037109375 0.11328125
1 0.5068359375 0.3896484375 0.03125 0.1044921875
1 0.5927734375 0.498046875 0.0390625 0.1279296875
1 0.59375 0.4716796875 0.046875 0.140625
1 0.6435546875 0.3740234375 0.0478515625 0.10546875
1 0.7197265625 0.7080078125 0.03125 0.2177734375
1 0.640625 0.7109375 0.056640625 0.1494140625
1 0.6416015625 0.794921875 0.0537109375 0.1962890625