0 0.4375 0.45703125 0.013671875 0.0234375
1 0.4189453125 0.4169921875 0.037109375 0.1064453125
1 0.33203125 0.47265625 0.0361328125 0.115234375
1 0.5244140625 0.84375 0.0771484375 0.2626953125
1 0.751953125 0.599609375 0.052734375 0.171875
1 0.615234375 0.4580078125 0.0341796875 0.107421875
1 0.6943359375 0.451171875 0.0244140625 0.1005859375
1 0.671875 0.3837890625 0.0205078125 0.09375
1 0.7041015625 0.4189453125 0.01953125 0.111328125
1 0.7802734375 0.4072265625 0.0205078125 0.107421875
1 0.841796875 0.4375 0.0244140625 0.1103515625
1 0.83984375 0.4208984375 0.03125 0.1083984375