0 0.37109375 0.3193359375 0.01171875 0.0224609375
1 0.72265625 0.7666015625 0.0693359375 0.2236328125
1 0.2109375 0.876953125 0.08203125 0.24609375
1 0.3486328125 0.279296875 0.0263671875 0.1337890625
1 0.6240234375 0.30859375 0.0234375 0.1181640625
1 0.427734375 0.3046875 0.0263671875 0.1259765625
1 0.5986328125 0.263671875 0.0283203125 0.0966796875
1 0.5947265625 0.2353515625 0.041015625 0.1015625
1 0.7646484375 0.310546875 0.048828125 0.0986328125
1 0.908203125 0.7666015625 0.0693359375 0.2705078125
1 0.9462890625 0.458984375 0.0556640625 0.1904296875
1 0.8955078125 0.3828125 0.05078125 0.1552734375
1 0.986328125 0.3095703125 0.02734375 0.134765625