0 0.376953125 0.3251953125 0.0166015625 0.02734375
1 0.2099609375 0.376953125 0.0693359375 0.1796875
1 0.1279296875 0.361328125 0.0478515625 0.162109375
1 0.6123046875 0.2783203125 0.0390625 0.1474609375
1 0.5830078125 0.228515625 0.033203125 0.0986328125
1 0.6806640625 0.53125 0.05078125 0.251953125
1 0.73828125 0.3740234375 0.048828125 0.1884765625
1 0.943359375 0.310546875 0.0322265625 0.16796875
1 0.5869140625 0.72265625 0.060546875 0.2978515625
1 0.63671875 0.859375 0.0615234375 0.28125
1 0.8154296875 0.736328125 0.048828125 0.30078125