0 0.666015625 0.4990234375 0.015625 0.02734375
1 0.060546875 0.4248046875 0.03125 0.150390625
1 0.037109375 0.541015625 0.04296875 0.1767578125
1 0.3212890625 0.48828125 0.0380859375 0.17578125
1 0.224609375 0.412109375 0.037109375 0.1435546875
1 0.4658203125 0.396484375 0.025390625 0.1376953125
1 0.453125 0.3837890625 0.01953125 0.119140625
1 0.619140625 0.48046875 0.037109375 0.14453125
1 0.615234375 0.4541015625 0.0419921875 0.1416015625
1 0.5849609375 0.376953125 0.02734375 0.1181640625
1 0.654296875 0.7314453125 0.041015625 0.2177734375
1 0.57421875 0.8154296875 0.06640625 0.224609375
1 0.5361328125 0.7998046875 0.0517578125 0.2216796875
1 0.509765625 0.896484375 0.0634765625 0.20703125