0 0.3046875 0.48828125 0.015625 0.02734375
1 0.91796875 0.412109375 0.03125 0.15234375
1 0.9423828125 0.5302734375 0.04296875 0.1787109375
1 0.654296875 0.4775390625 0.0390625 0.177734375
1 0.751953125 0.400390625 0.037109375 0.1455078125
1 0.5087890625 0.3837890625 0.0263671875 0.138671875
1 0.5205078125 0.3720703125 0.01953125 0.1201171875
1 0.353515625 0.46875 0.037109375 0.146484375
1 0.357421875 0.4423828125 0.0419921875 0.1435546875
1 0.3876953125 0.3642578125 0.02734375 0.119140625
1 0.3173828125 0.7236328125 0.0419921875 0.2197265625
1 0.3984375 0.80859375 0.0673828125 0.2265625
1 0.4365234375 0.79296875 0.052734375 0.224609375
1 0.4638671875 0.890625 0.064453125 0.208984375