0 0.484375 0.578125 0.0126953125 0.0224609375
1 0.60546875 0.6279296875 0.0400390625 0.1787109375
1 0.7119140625 0.53515625 0.05078125 0.1298828125
1 0.6767578125 0.525390625 0.0390625 0.1142578125
1 0.400390625 0.587890625 0.0302734375 0.1435546875
1 0.390625 0.5048828125 0.0341796875 0.10546875
1 0.3349609375 0.5556640625 0.0361328125 0.1376953125
1 0.11328125 0.5126953125 0.029296875 0.126953125
1 0.2880859375 0.58984375 0.0283203125 0.140625
1 0.2734375 0.583984375 0.02734375 0.134765625
1 0.3974609375 0.8974609375 0.0634765625 0.205078125