0 0.482421875 0.328125 0.013671875 0.0224609375
1 0.6943359375 0.4326171875 0.0556640625 0.17578125
1 0.8544921875 0.7978515625 0.08984375 0.2841796875
1 0.97265625 0.763671875 0.0546875 0.3212890625
1 0.630859375 0.326171875 0.0517578125 0.1416015625
1 0.583984375 0.2978515625 0.029296875 0.12890625
1 0.5 0.2841796875 0.033203125 0.115234375
1 0.349609375 0.4423828125 0.0341796875 0.1982421875
1 0.2724609375 0.3447265625 0.04296875 0.125
1 0.2236328125 0.3486328125 0.037109375 0.1416015625
1 0.298828125 0.2822265625 0.0263671875 0.1240234375
1 0.078125 0.83984375 0.04296875 0.3203125
1 0.265625 0.8310546875 0.0615234375 0.328125
1 0.2470703125 0.8876953125 0.068359375 0.224609375