0 0.1201171875 0.505859375 0.0166015625 0.0263671875
1 0.0986328125 0.4248046875 0.0390625 0.1533203125
1 0.3193359375 0.5595703125 0.0458984375 0.1845703125
1 0.189453125 0.8662109375 0.080078125 0.251953125
1 0.4228515625 0.80859375 0.05859375 0.220703125
1 0.10546875 0.9013671875 0.107421875 0.146484375
1 0.451171875 0.5068359375 0.0419921875 0.1962890625
1 0.5986328125 0.41015625 0.0400390625 0.1591796875
1 0.9541015625 0.6640625 0.072265625 0.2099609375
1 0.8525390625 0.845703125 0.060546875 0.275390625
1 0.982421875 0.3896484375 0.03515625 0.150390625