0 0.626953125 0.423828125 0.0126953125 0.0224609375
1 0.638671875 0.376953125 0.029296875 0.109375
1 0.3125 0.3818359375 0.029296875 0.0986328125
1 0.32421875 0.357421875 0.0244140625 0.1044921875
1 0.35546875 0.4326171875 0.0341796875 0.115234375
1 0.34375 0.5009765625 0.0283203125 0.1357421875
1 0.171875 0.4619140625 0.0341796875 0.146484375
1 0.5126953125 0.427734375 0.0244140625 0.130859375
1 0.7490234375 0.5986328125 0.044921875 0.2119140625
1 0.5712890625 0.8427734375 0.044921875 0.2705078125
1 0.9765625 0.89453125 0.04296875 0.2109375