0 0.5107421875 0.4462890625 0.0185546875 0.025390625
1 0.6806640625 0.2958984375 0.0322265625 0.1240234375
1 0.8798828125 0.521484375 0.046875 0.197265625
1 0.564453125 0.6162109375 0.0439453125 0.263671875
1 0.4423828125 0.671875 0.0380859375 0.2529296875
1 0.48828125 0.7275390625 0.0498046875 0.208984375
1 0.5400390625 0.4052734375 0.0390625 0.1611328125
1 0.4033203125 0.3310546875 0.05859375 0.13671875
1 0.4169921875 0.296875 0.0224609375 0.1083984375
1 0.232421875 0.3251953125 0.0302734375 0.146484375
1 0.208984375 0.482421875 0.0556640625 0.21484375
1 0.0693359375 0.306640625 0.037109375 0.130859375