0 0.0986328125 0.556640625 0.015625 0.03515625
1 0.2841796875 0.494140625 0.056640625 0.1513671875
1 0.2978515625 0.4697265625 0.02734375 0.16015625
1 0.84375 0.4345703125 0.0400390625 0.1337890625
1 0.958984375 0.47265625 0.04296875 0.1552734375
1 0.65625 0.8994140625 0.0625 0.201171875
1 0.3564453125 0.634765625 0.05078125 0.2001953125
1 0.4638671875 0.4287109375 0.029296875 0.126953125
1 0.2578125 0.3525390625 0.029296875 0.12109375
1 0.0458984375 0.4658203125 0.03515625 0.158203125
1 0.23828125 0.716796875 0.06640625 0.26171875