0 0.322265625 0.3310546875 0.013671875 0.0263671875
1 0.3427734375 0.4248046875 0.052734375 0.1416015625
1 0.3134765625 0.2978515625 0.03515625 0.0771484375
1 0.400390625 0.3193359375 0.0400390625 0.126953125
1 0.5146484375 0.3779296875 0.0283203125 0.14453125
1 0.546875 0.279296875 0.0234375 0.0947265625
1 0.529296875 0.2880859375 0.03125 0.107421875
1 0.6884765625 0.34765625 0.0302734375 0.13671875
1 0.7880859375 0.4169921875 0.0380859375 0.1533203125
1 0.6005859375 0.751953125 0.0625 0.267578125
1 0.75390625 0.73046875 0.056640625 0.205078125
1 0.5908203125 0.923828125 0.080078125 0.1396484375
1 0.7548828125 0.8701171875 0.0771484375 0.1689453125
1 0.7734375 0.3046875 0.0244140625 0.109375