0 0.267578125 0.2685546875 0.0146484375 0.01953125
1 0.2490234375 0.2734375 0.0302734375 0.1435546875
1 0.404296875 0.228515625 0.0283203125 0.1083984375
1 0.4814453125 0.2685546875 0.0322265625 0.1416015625
1 0.5703125 0.6865234375 0.048828125 0.2734375
1 0.748046875 0.6708984375 0.064453125 0.2255859375
1 0.2353515625 0.923828125 0.080078125 0.15234375
1 0.58984375 0.9013671875 0.0673828125 0.166015625
1 0.7509765625 0.8330078125 0.0810546875 0.1689453125
1 0.83984375 0.3251953125 0.0302734375 0.1455078125
1 0.7861328125 0.244140625 0.029296875 0.125
1 0.685546875 0.3154296875 0.0302734375 0.1484375
1 0.658203125 0.2900390625 0.029296875 0.111328125
1 0.6640625 0.2763671875 0.0224609375 0.119140625
1 0.6513671875 0.2490234375 0.0205078125 0.11328125