0 0.3359375 0.24609375 0.0166015625 0.0341796875
1 0.2578125 0.4384765625 0.0458984375 0.142578125
1 0.140625 0.55078125 0.0546875 0.1630859375
1 0.3486328125 0.830078125 0.0625 0.294921875
1 0.6298828125 0.7548828125 0.064453125 0.25
1 0.4677734375 0.4423828125 0.041015625 0.1513671875
1 0.46875 0.3525390625 0.0263671875 0.080078125
1 0.40625 0.3232421875 0.029296875 0.1025390625
1 0.478515625 0.3154296875 0.025390625 0.1064453125
1 0.591796875 0.37109375 0.029296875 0.1220703125
1 0.7421875 0.3779296875 0.033203125 0.125
1 0.7294921875 0.3271484375 0.0244140625 0.1083984375
1 0.27734375 0.93359375 0.0693359375 0.1318359375
1 0.5498046875 0.939453125 0.080078125 0.12109375
1 0.7060546875 0.8779296875 0.0712890625 0.1396484375