0 0.27734375 0.53125 0.0166015625 0.02734375
1 0.255859375 0.4794921875 0.0302734375 0.1376953125
1 0.515625 0.5263671875 0.0341796875 0.146484375
1 0.5361328125 0.51953125 0.029296875 0.154296875
1 0.9140625 0.474609375 0.041015625 0.1259765625
1 0.857421875 0.453125 0.02734375 0.1181640625
1 0.564453125 0.4638671875 0.0234375 0.1142578125
1 0.5654296875 0.6494140625 0.033203125 0.177734375
1 0.2646484375 0.7021484375 0.048828125 0.2265625
1 0.4970703125 0.4111328125 0.0302734375 0.09765625
1 0.5615234375 0.9306640625 0.044921875 0.138671875