0 0.4326171875 0.5166015625 0.01953125 0.0322265625
1 0.904296875 0.466796875 0.0400390625 0.1552734375
1 0.8642578125 0.59375 0.0830078125 0.16796875
1 0.712890625 0.4306640625 0.0322265625 0.1474609375
1 0.609375 0.5283203125 0.0322265625 0.177734375
1 0.4921875 0.4423828125 0.029296875 0.1318359375
1 0.4638671875 0.4189453125 0.025390625 0.138671875
1 0.328125 0.4755859375 0.0390625 0.1318359375
1 0.33203125 0.443359375 0.0439453125 0.1376953125
1 0.412109375 0.404296875 0.0390625 0.111328125
1 0.5146484375 0.876953125 0.048828125 0.24609375
1 0.4892578125 0.89453125 0.0810546875 0.2109375
1 0.40625 0.8515625 0.0390625 0.2373046875
1 0.3935546875 0.7978515625 0.0322265625 0.2626953125