0 0.640625 0.6015625 0.0166015625 0.0419921875
1 0.3759765625 0.826171875 0.0849609375 0.2685546875
1 0.7041015625 0.5908203125 0.07421875 0.2265625
1 0.65234375 0.3271484375 0.0361328125 0.1328125
1 0.912109375 0.87890625 0.0732421875 0.2421875
1 0.361328125 0.5048828125 0.048828125 0.1630859375
1 0.3251953125 0.388671875 0.0380859375 0.1318359375
1 0.22265625 0.3330078125 0.0244140625 0.1171875
1 0.126953125 0.404296875 0.025390625 0.1396484375
1 0.2265625 0.2998046875 0.0322265625 0.1240234375
1 0.4990234375 0.3759765625 0.0283203125 0.1220703125