0 0.4296875 0.2509765625 0.015625 0.021484375
1 0.0771484375 0.3818359375 0.0498046875 0.1787109375
1 0.169921875 0.376953125 0.0478515625 0.185546875
1 0.33984375 0.3720703125 0.0419921875 0.1728515625
1 0.37109375 0.880859375 0.0859375 0.23828125
1 0.908203125 0.697265625 0.05078125 0.2744140625
1 0.791015625 0.4140625 0.0439453125 0.1982421875
1 0.83203125 0.2314453125 0.03125 0.134765625
1 0.53125 0.3740234375 0.052734375 0.177734375
1 0.5029296875 0.2744140625 0.052734375 0.1103515625
1 0.4658203125 0.2890625 0.052734375 0.1376953125
1 0.408203125 0.21484375 0.0380859375 0.11328125
1 0.6787109375 0.9130859375 0.08203125 0.1728515625
1 0.865234375 0.853515625 0.0703125 0.1494140625