1 0.484375 0.6748046875 0.0341796875 0.1796875
1 0.6484375 0.5048828125 0.02734375 0.1005859375
1 0.75390625 0.759765625 0.0498046875 0.2216796875
1 0.8720703125 0.6240234375 0.0439453125 0.15625
1 0.5517578125 0.4951171875 0.02734375 0.0947265625
1 0.529296875 0.48828125 0.021484375 0.087890625
1 0.3134765625 0.48828125 0.03125 0.1005859375
1 0.111328125 0.537109375 0.03125 0.1259765625
0 0.595703125 0.5126953125 0.0166015625 0.01953125
1 0.619140625 0.9208984375 0.0322265625 0.158203125
1 0.5439453125 0.9365234375 0.0625 0.1259765625
1 0.0556640625 0.8779296875 0.0595703125 0.21484375