0 0.166015625 0.41796875 0.015625 0.0302734375
1 0.984375 0.3720703125 0.03125 0.169921875
1 0.8974609375 0.28125 0.033203125 0.12890625
1 0.85546875 0.2529296875 0.03125 0.125
1 0.6259765625 0.26171875 0.029296875 0.1142578125
1 0.5390625 0.2158203125 0.0263671875 0.1171875
1 0.5029296875 0.333984375 0.0302734375 0.15625
1 0.6171875 0.404296875 0.03125 0.169921875
1 0.2314453125 0.2919921875 0.0361328125 0.1318359375
1 0.1162109375 0.396484375 0.0380859375 0.1796875
1 0.072265625 0.7060546875 0.04296875 0.25390625
1 0.5576171875 0.8701171875 0.0751953125 0.259765625
1 0.28515625 0.8935546875 0.0849609375 0.1630859375
1 0.107421875 0.8408203125 0.0791015625 0.1787109375