0 0.6416015625 0.40234375 0.013671875 0.0234375
1 0.6533203125 0.3525390625 0.0302734375 0.1142578125
1 0.3115234375 0.3583984375 0.0302734375 0.103515625
1 0.3232421875 0.33203125 0.0263671875 0.109375
1 0.357421875 0.4111328125 0.0361328125 0.12109375
1 0.3447265625 0.482421875 0.0302734375 0.1416015625
1 0.1640625 0.44140625 0.0361328125 0.154296875
1 0.521484375 0.4052734375 0.025390625 0.1376953125
1 0.76953125 0.5849609375 0.046875 0.2216796875
1 0.5830078125 0.841796875 0.046875 0.283203125
1 0.9931640625 0.892578125 0.013671875 0.21484375