0 0.4501953125 0.3310546875 0.01171875 0.0263671875
1 0.220703125 0.439453125 0.04296875 0.1630859375
1 0.4755859375 0.5888671875 0.0439453125 0.2265625
1 0.7314453125 0.8056640625 0.0546875 0.2626953125
1 0.2822265625 0.890625 0.0673828125 0.21875
1 0.478515625 0.314453125 0.0234375 0.1201171875
1 0.5478515625 0.3193359375 0.033203125 0.0986328125
1 0.611328125 0.28515625 0.0302734375 0.091796875
1 0.6484375 0.3359375 0.0283203125 0.130859375
1 0.673828125 0.3515625 0.0244140625 0.140625
1 0.7412109375 0.3310546875 0.02734375 0.123046875