0 0.3095703125 0.4208984375 0.0185546875 0.02734375
1 0.3798828125 0.4443359375 0.0615234375 0.1806640625
1 0.298828125 0.361328125 0.0380859375 0.126953125
1 0.1435546875 0.7373046875 0.0673828125 0.26953125
1 0.216796875 0.7685546875 0.064453125 0.2177734375
1 0.7802734375 0.8662109375 0.0546875 0.244140625
1 0.7626953125 0.7333984375 0.06640625 0.279296875
1 0.91796875 0.57421875 0.048828125 0.2265625
1 0.9140625 0.435546875 0.05078125 0.1884765625
1 0.7705078125 0.369140625 0.044921875 0.1923828125
1 0.7666015625 0.2841796875 0.0439453125 0.130859375