0 0.5166015625 0.5859375 0.013671875 0.0224609375
1 0.3935546875 0.63671875 0.0400390625 0.181640625
1 0.2841796875 0.5419921875 0.0517578125 0.1318359375
1 0.3203125 0.5322265625 0.0400390625 0.1162109375
1 0.6015625 0.595703125 0.03125 0.1455078125
1 0.611328125 0.51171875 0.03515625 0.107421875
1 0.66796875 0.5625 0.037109375 0.1396484375
1 0.892578125 0.51953125 0.029296875 0.12890625
1 0.7158203125 0.5986328125 0.029296875 0.1435546875
1 0.73046875 0.591796875 0.02734375 0.13671875
1 0.6044921875 0.90234375 0.064453125 0.1953125