0 0.681640625 0.5537109375 0.0166015625 0.0244140625
1 0.328125 0.5400390625 0.033203125 0.158203125
1 0.3056640625 0.517578125 0.029296875 0.17578125
1 0.19140625 0.4208984375 0.041015625 0.111328125
1 0.306640625 0.3720703125 0.0283203125 0.1142578125
1 0.6728515625 0.3759765625 0.0283203125 0.119140625
1 0.52734375 0.5234375 0.0361328125 0.15234375
1 0.9521484375 0.87109375 0.078125 0.2568359375
1 0.7236328125 0.57421875 0.0419921875 0.189453125
1 0.07421875 0.5146484375 0.037109375 0.171875
1 0.515625 0.94140625 0.0576171875 0.1171875