0 0.3974609375 0.5830078125 0.0205078125 0.041015625
1 0.6904296875 0.708984375 0.0654296875 0.2919921875
1 0.6396484375 0.837890625 0.07421875 0.32421875
1 0.369140625 0.8564453125 0.0810546875 0.1767578125
1 0.4755859375 0.6357421875 0.05859375 0.251953125
1 0.4267578125 0.5087890625 0.083984375 0.189453125
1 0.470703125 0.439453125 0.0732421875 0.173828125
1 0.5283203125 0.2158203125 0.03515625 0.1123046875
1 0.41015625 0.2451171875 0.033203125 0.1279296875
1 0.7705078125 0.27734375 0.0419921875 0.1630859375
1 0.892578125 0.25390625 0.03515625 0.1416015625
1 0.13671875 0.2333984375 0.0419921875 0.1376953125
1 0.2060546875 0.7958984375 0.078125 0.1484375