0 0.4951171875 0.525390625 0.0107421875 0.0234375
1 0.095703125 0.541015625 0.0517578125 0.1689453125
1 0.294921875 0.57421875 0.044921875 0.1845703125
1 0.509765625 0.5439453125 0.05078125 0.166015625
1 0.5947265625 0.4404296875 0.03515625 0.1259765625
1 0.76171875 0.3896484375 0.0283203125 0.109375
1 0.8486328125 0.73828125 0.0595703125 0.2275390625
1 0.9306640625 0.7685546875 0.044921875 0.251953125
1 0.47265625 0.4365234375 0.0380859375 0.1337890625
1 0.3466796875 0.40234375 0.03515625 0.1220703125
1 0.283203125 0.4189453125 0.0322265625 0.126953125
1 0.2470703125 0.388671875 0.0224609375 0.12890625