0 0.50390625 0.5751953125 0.0166015625 0.0244140625
1 0.4287109375 0.5009765625 0.0439453125 0.138671875
1 0.3427734375 0.70703125 0.0693359375 0.19140625
1 0.083984375 0.4931640625 0.0390625 0.1318359375
1 0.3330078125 0.37890625 0.0244140625 0.11328125
1 0.689453125 0.3583984375 0.0322265625 0.0927734375
1 0.84765625 0.3349609375 0.0205078125 0.0986328125
1 0.892578125 0.4990234375 0.0302734375 0.16796875
1 0.71484375 0.5302734375 0.025390625 0.1767578125
1 0.6904296875 0.642578125 0.056640625 0.2080078125
1 0.6025390625 0.82421875 0.080078125 0.2392578125
1 0.494140625 0.4951171875 0.041015625 0.140625