0 0.431640625 0.3427734375 0.0166015625 0.0263671875
1 0.3154296875 0.5126953125 0.044921875 0.2177734375
1 0.3271484375 0.3125 0.0439453125 0.115234375
1 0.55078125 0.38671875 0.048828125 0.16796875
1 0.669921875 0.3310546875 0.0341796875 0.123046875
1 0.869140625 0.3916015625 0.0458984375 0.15234375
1 0.6484375 0.755859375 0.0478515625 0.2919921875
1 0.439453125 0.7607421875 0.0634765625 0.28125
1 0.4716796875 0.8662109375 0.072265625 0.267578125
1 0.1884765625 0.3828125 0.033203125 0.1640625
1 0.1796875 0.2890625 0.0380859375 0.12109375
1 0.22265625 0.3056640625 0.0390625 0.1240234375
1 0.994140625 0.322265625 0.01171875 0.13671875