0 0.359375 0.400390625 0.0146484375 0.0234375
1 0.251953125 0.541015625 0.046875 0.1943359375
1 0.6123046875 0.47265625 0.041015625 0.1953125
1 0.6474609375 0.3212890625 0.0283203125 0.1162109375
1 0.91015625 0.484375 0.0341796875 0.1904296875
1 0.978515625 0.3837890625 0.04296875 0.138671875
1 0.96875 0.8671875 0.0625 0.265625
1 0.720703125 0.9423828125 0.076171875 0.115234375
1 0.8876953125 0.3876953125 0.0361328125 0.0771484375
1 0.048828125 0.8759765625 0.0732421875 0.2470703125
1 0.0283203125 0.771484375 0.056640625 0.234375