0 0.6259765625 0.271484375 0.017578125 0.0224609375
1 0.0732421875 0.3310546875 0.044921875 0.15234375
1 0.4091796875 0.8935546875 0.068359375 0.212890625
1 0.9296875 0.72265625 0.0556640625 0.28515625
1 0.8818359375 0.380859375 0.048828125 0.1953125
1 0.8740234375 0.251953125 0.0322265625 0.126953125
1 0.4599609375 0.212890625 0.0234375 0.0947265625
1 0.4716796875 0.1953125 0.029296875 0.1171875
1 0.2958984375 0.390625 0.0458984375 0.171875
1 0.2734375 0.3125 0.033203125 0.1533203125
1 0.1953125 0.2822265625 0.052734375 0.1201171875
1 0.1845703125 0.2568359375 0.03125 0.1162109375