0 0.7939453125 0.5537109375 0.0185546875 0.0322265625
1 0.0986328125 0.353515625 0.025390625 0.1357421875
1 0.232421875 0.431640625 0.0400390625 0.1533203125
1 0.40625 0.5478515625 0.0498046875 0.208984375
1 0.62109375 0.50390625 0.048828125 0.1943359375
1 0.6640625 0.6611328125 0.0546875 0.263671875
1 0.8232421875 0.4912109375 0.0439453125 0.19140625
1 0.8046875 0.3173828125 0.025390625 0.1240234375
1 0.1630859375 0.6953125 0.04296875 0.2294921875
1 0.1748046875 0.8720703125 0.0888671875 0.2548828125
1 0.3388671875 0.9404296875 0.078125 0.119140625