0 0.634765625 0.6259765625 0.017578125 0.025390625
1 0.6572265625 0.6279296875 0.0673828125 0.1552734375
1 0.2626953125 0.517578125 0.0302734375 0.1396484375
1 0.2265625 0.48046875 0.029296875 0.1240234375
1 0.7353515625 0.591796875 0.041015625 0.1640625
1 0.6259765625 0.4765625 0.0390625 0.1025390625
1 0.5087890625 0.533203125 0.0419921875 0.1181640625
1 0.8935546875 0.548828125 0.037109375 0.140625
1 0.865234375 0.5087890625 0.037109375 0.119140625
1 0.3427734375 0.8720703125 0.05859375 0.2431640625
1 0.244140625 0.884765625 0.0419921875 0.2109375
1 0.2607421875 0.87109375 0.0478515625 0.2431640625