0 0.8271484375 0.443359375 0.0107421875 0.01953125
1 0.419921875 0.490234375 0.0302734375 0.134765625
1 0.6240234375 0.3818359375 0.0341796875 0.1015625
1 0.724609375 0.3525390625 0.0224609375 0.0927734375
1 0.400390625 0.8544921875 0.0458984375 0.263671875
1 0.76171875 0.4697265625 0.03515625 0.1328125
1 0.7626953125 0.3994140625 0.0205078125 0.0595703125
1 0.7734375 0.3828125 0.0185546875 0.10546875
1 0.7724609375 0.3466796875 0.01953125 0.05859375
1 0.798828125 0.41015625 0.0283203125 0.1103515625
1 0.8447265625 0.41796875 0.0341796875 0.07421875
1 0.8408203125 0.37109375 0.0244140625 0.09375