0 0.5693359375 0.32421875 0.0166015625 0.017578125
1 0.6220703125 0.3828125 0.0458984375 0.1552734375
1 0.7255859375 0.3408203125 0.029296875 0.1357421875
1 0.50390625 0.267578125 0.0224609375 0.0869140625
1 0.486328125 0.287109375 0.0244140625 0.119140625
1 0.427734375 0.2548828125 0.0263671875 0.0908203125
1 0.4189453125 0.2998046875 0.0283203125 0.12890625
1 0.34375 0.30078125 0.021484375 0.125
1 0.25390625 0.3291015625 0.041015625 0.119140625
1 0.2568359375 0.2587890625 0.025390625 0.06640625
1 0.2802734375 0.7470703125 0.064453125 0.24609375
1 0.5498046875 0.8095703125 0.0693359375 0.2919921875