0 0.216796875 0.447265625 0.0166015625 0.0234375
1 0.1923828125 0.4013671875 0.048828125 0.1396484375
1 0.4970703125 0.306640625 0.025390625 0.1044921875
1 0.53125 0.3671875 0.0263671875 0.123046875
1 0.5478515625 0.470703125 0.0390625 0.1455078125
1 0.5908203125 0.4296875 0.02734375 0.1572265625
1 0.6123046875 0.3408203125 0.0322265625 0.119140625
1 0.7568359375 0.4111328125 0.025390625 0.146484375
1 0.775390625 0.365234375 0.0224609375 0.1279296875
1 0.732421875 0.3447265625 0.0185546875 0.109375
1 0.9560546875 0.3583984375 0.0302734375 0.1171875
1 0.75390625 0.802734375 0.0517578125 0.28125
1 0.90234375 0.7939453125 0.0712890625 0.2412109375