1 0.798828125 0.431640625 0.0302734375 0.123046875
1 0.80859375 0.3935546875 0.0185546875 0.091796875
1 0.787109375 0.3896484375 0.017578125 0.1142578125
1 0.734375 0.345703125 0.0185546875 0.09375
1 0.7490234375 0.357421875 0.021484375 0.0908203125
1 0.8623046875 0.40234375 0.01953125 0.119140625
1 0.6806640625 0.384765625 0.03125 0.111328125
1 0.4482421875 0.5068359375 0.0283203125 0.1484375
1 0.36328125 0.859375 0.0458984375 0.28125
1 0.7548828125 0.44140625 0.03125 0.140625
1 0.8359375 0.369140625 0.0234375 0.1103515625