0 0.498046875 0.490234375 0.0185546875 0.0302734375
1 0.7509765625 0.822265625 0.0634765625 0.3369140625
1 0.8642578125 0.779296875 0.091796875 0.2919921875
1 0.4716796875 0.623046875 0.0478515625 0.2578125
1 0.3623046875 0.759765625 0.0693359375 0.1533203125
1 0.51953125 0.8701171875 0.068359375 0.15234375
1 0.52734375 0.4169921875 0.04296875 0.166015625
1 0.58203125 0.4228515625 0.0634765625 0.1884765625
1 0.64453125 0.431640625 0.0439453125 0.2001953125
1 0.41796875 0.25390625 0.0419921875 0.12109375
1 0.310546875 0.2353515625 0.0400390625 0.12890625
1 0.705078125 0.2900390625 0.0390625 0.1494140625
1 0.8359375 0.3125 0.0625 0.1513671875
1 0.9892578125 0.435546875 0.0205078125 0.193359375