0 0.505859375 0.2470703125 0.015625 0.021484375
1 0.458984375 0.3701171875 0.0478515625 0.1611328125
1 0.484375 0.2431640625 0.03125 0.107421875
1 0.5078125 0.197265625 0.0205078125 0.0986328125
1 0.873046875 0.3837890625 0.0458984375 0.1796875
1 0.9423828125 0.689453125 0.0439453125 0.2822265625
1 0.8916015625 0.244140625 0.0244140625 0.130859375
1 0.322265625 0.3125 0.0361328125 0.1328125
1 0.36328125 0.279296875 0.04296875 0.1318359375
1 0.197265625 0.3515625 0.052734375 0.142578125
1 0.13671875 0.341796875 0.04296875 0.158203125
1 0.443359375 0.8837890625 0.0693359375 0.232421875