0 0.3310546875 0.328125 0.0146484375 0.025390625
1 0.591796875 0.32421875 0.0380859375 0.15234375
1 0.7763671875 0.4345703125 0.04296875 0.1875
1 0.640625 0.8759765625 0.0625 0.248046875
1 0.3720703125 0.8525390625 0.0712890625 0.1552734375
1 0.1865234375 0.666015625 0.04296875 0.248046875
1 0.205078125 0.369140625 0.041015625 0.16796875
1 0.29296875 0.275390625 0.052734375 0.1337890625
1 0.62109375 0.203125 0.0263671875 0.1064453125
1 0.6953125 0.244140625 0.03125 0.1123046875
1 0.9228515625 0.25390625 0.037109375 0.12109375
1 0.958984375 0.28125 0.02734375 0.1279296875