0 0.50390625 0.5791015625 0.0146484375 0.0263671875
1 0.4111328125 0.4658203125 0.03125 0.09765625
1 0.212890625 0.5224609375 0.041015625 0.13671875
1 0.0791015625 0.7060546875 0.041015625 0.208984375
1 0.486328125 0.5185546875 0.02734375 0.1298828125
1 0.55078125 0.5966796875 0.0341796875 0.142578125
1 0.591796875 0.58203125 0.056640625 0.1435546875
1 0.74609375 0.5458984375 0.0380859375 0.1220703125
1 0.9931640625 0.5078125 0.013671875 0.1171875
1 0.0576171875 0.9453125 0.041015625 0.109375
1 0.1689453125 0.9609375 0.0546875 0.0771484375