0 0.48828125 0.4501953125 0.0185546875 0.025390625
1 0.318359375 0.30078125 0.03125 0.1240234375
1 0.12109375 0.525390625 0.0458984375 0.1953125
1 0.4345703125 0.619140625 0.0439453125 0.2626953125
1 0.5556640625 0.673828125 0.0380859375 0.251953125
1 0.5107421875 0.7294921875 0.048828125 0.20703125
1 0.4580078125 0.41015625 0.0390625 0.1611328125
1 0.5947265625 0.3359375 0.05859375 0.1357421875
1 0.5810546875 0.3017578125 0.0224609375 0.1083984375
1 0.7646484375 0.330078125 0.0302734375 0.1455078125
1 0.7880859375 0.486328125 0.0546875 0.2138671875
1 0.9267578125 0.3115234375 0.037109375 0.1298828125