0 0.6357421875 0.53515625 0.017578125 0.0263671875
1 0.4345703125 0.51953125 0.0390625 0.138671875
1 0.4072265625 0.509765625 0.037109375 0.14453125
1 0.1748046875 0.490234375 0.033203125 0.123046875
1 0.1865234375 0.4677734375 0.025390625 0.119140625
1 0.4873046875 0.462890625 0.0263671875 0.1123046875
1 0.5654296875 0.4345703125 0.02734375 0.1123046875
1 0.8037109375 0.515625 0.0283203125 0.1455078125
1 0.8623046875 0.7060546875 0.05078125 0.2119140625
1 0.5400390625 0.6572265625 0.0595703125 0.1611328125
1 0.3330078125 0.9560546875 0.052734375 0.0869140625