0 0.35546875 0.625 0.0146484375 0.029296875
1 0.8310546875 0.53125 0.0576171875 0.1611328125
1 0.7177734375 0.396484375 0.025390625 0.1279296875
1 0.6240234375 0.4169921875 0.03125 0.1416015625
1 0.5927734375 0.5380859375 0.0546875 0.1884765625
1 0.5615234375 0.4150390625 0.0380859375 0.1142578125
1 0.4208984375 0.431640625 0.0341796875 0.1298828125
1 0.34765625 0.576171875 0.0458984375 0.1640625
1 0.330078125 0.478515625 0.0478515625 0.1513671875
1 0.19140625 0.41015625 0.0576171875 0.1181640625
1 0.1474609375 0.79296875 0.052734375 0.2705078125
1 0.0732421875 0.798828125 0.056640625 0.251953125