1 0.7880859375 0.4482421875 0.0322265625 0.1279296875
1 0.798828125 0.408203125 0.01953125 0.0947265625
1 0.7763671875 0.404296875 0.0185546875 0.1181640625
1 0.7216796875 0.359375 0.01953125 0.0966796875
1 0.7373046875 0.37109375 0.0224609375 0.09375
1 0.8544921875 0.41796875 0.0205078125 0.123046875
1 0.666015625 0.3994140625 0.0322265625 0.115234375
1 0.423828125 0.5263671875 0.029296875 0.1533203125
1 0.3359375 0.873046875 0.0478515625 0.2529296875
1 0.7431640625 0.458984375 0.0322265625 0.1455078125
1 0.8271484375 0.3837890625 0.0244140625 0.1142578125