0 0.5341796875 0.6162109375 0.0166015625 0.02734375
1 0.5244140625 0.5751953125 0.056640625 0.13671875
1 0.4609375 0.3623046875 0.03125 0.11328125
1 0.2294921875 0.453125 0.03515625 0.1328125
1 0.556640625 0.556640625 0.0576171875 0.1494140625
1 0.55078125 0.5234375 0.033203125 0.138671875
1 0.7626953125 0.498046875 0.025390625 0.1591796875
1 0.7490234375 0.6484375 0.0498046875 0.2109375
1 0.75 0.7783203125 0.0419921875 0.2490234375
1 0.865234375 0.3671875 0.0361328125 0.1162109375
1 0.947265625 0.4345703125 0.0380859375 0.1279296875
1 0.9501953125 0.3251953125 0.025390625 0.10546875