0 0.421875 0.544921875 0.0107421875 0.02734375
1 0.98046875 0.5068359375 0.0390625 0.1689453125
1 0.9052734375 0.3857421875 0.033203125 0.1455078125
1 0.7705078125 0.3916015625 0.02734375 0.1376953125
1 0.697265625 0.4775390625 0.0302734375 0.1689453125
1 0.611328125 0.375 0.041015625 0.1240234375
1 0.5341796875 0.375 0.0341796875 0.1142578125
1 0.4404296875 0.494140625 0.0419921875 0.1396484375
1 0.439453125 0.46484375 0.05078125 0.1533203125
1 0.384765625 0.3583984375 0.052734375 0.115234375
1 0.3017578125 0.7236328125 0.0341796875 0.23828125
1 0.388671875 0.7265625 0.0625 0.1630859375
1 0.38671875 0.818359375 0.05859375 0.21484375