0 0.779296875 0.5947265625 0.0185546875 0.033203125
1 0.884765625 0.3798828125 0.037109375 0.1083984375
1 0.8173828125 0.5263671875 0.046875 0.205078125
1 0.57421875 0.5205078125 0.0498046875 0.17578125
1 0.671875 0.736328125 0.064453125 0.26953125
1 0.396484375 0.5703125 0.044921875 0.1875
1 0.28125 0.7041015625 0.0498046875 0.2177734375
1 0.2255859375 0.857421875 0.06640625 0.26171875
1 0.3740234375 0.927734375 0.078125 0.14453125
1 0.0693359375 0.4150390625 0.037109375 0.1396484375
1 0.18359375 0.5029296875 0.044921875 0.14453125
1 0.7939453125 0.302734375 0.0234375 0.0927734375
1 0.7939453125 0.306640625 0.029296875 0.0986328125