0 0.677734375 0.546875 0.0185546875 0.0283203125
1 0.1142578125 0.5478515625 0.03125 0.173828125
1 0.25390625 0.423828125 0.041015625 0.123046875
1 0.412109375 0.4794921875 0.03125 0.1455078125
1 0.4345703125 0.3759765625 0.029296875 0.109375
1 0.458984375 0.4208984375 0.0263671875 0.1181640625
1 0.4990234375 0.3857421875 0.02734375 0.1142578125
1 0.64453125 0.41015625 0.02734375 0.10546875
1 0.7060546875 0.5087890625 0.0400390625 0.1552734375
1 0.7216796875 0.4013671875 0.0283203125 0.1005859375
1 0.7548828125 0.8984375 0.0703125 0.134765625
1 0.68359375 0.9287109375 0.068359375 0.119140625