0 0.5595703125 0.3779296875 0.0185546875 0.0322265625
1 0.7724609375 0.4931640625 0.0595703125 0.18359375
1 0.9892578125 0.388671875 0.0205078125 0.154296875
1 0.603515625 0.359375 0.0380859375 0.109375
1 0.544921875 0.5263671875 0.0380859375 0.19921875
1 0.373046875 0.408203125 0.0341796875 0.154296875
1 0.3037109375 0.7158203125 0.060546875 0.2470703125
1 0.173828125 0.5478515625 0.046875 0.197265625
1 0.1533203125 0.423828125 0.033203125 0.12890625
1 0.0078125 0.47265625 0.0146484375 0.154296875
1 0.896484375 0.8935546875 0.09765625 0.212890625
1 0.4189453125 0.9287109375 0.0849609375 0.1416015625