0 0.4345703125 0.4248046875 0.0146484375 0.025390625
1 0.53125 0.3994140625 0.029296875 0.09765625
1 0.6884765625 0.62109375 0.0380859375 0.1875
1 0.3125 0.44921875 0.0390625 0.1435546875
1 0.259765625 0.474609375 0.0390625 0.1494140625
1 0.1982421875 0.4521484375 0.0341796875 0.123046875
1 0.1171875 0.4111328125 0.0283203125 0.1259765625
1 0.19140625 0.359375 0.025390625 0.0947265625
1 0.390625 0.400390625 0.0322265625 0.10546875
1 0.451171875 0.40234375 0.0390625 0.111328125
1 0.4501953125 0.349609375 0.01953125 0.0380859375
1 0.7470703125 0.9443359375 0.072265625 0.111328125