0 0.5458984375 0.306640625 0.01171875 0.0205078125
1 0.3544921875 0.400390625 0.05078125 0.158203125
1 0.2119140625 0.7294921875 0.0810546875 0.255859375
1 0.0888671875 0.6982421875 0.080078125 0.2890625
1 0.412109375 0.3046875 0.046875 0.1279296875
1 0.455078125 0.279296875 0.0263671875 0.1162109375
1 0.5302734375 0.2666015625 0.0302734375 0.103515625
1 0.666015625 0.4091796875 0.0302734375 0.177734375
1 0.734375 0.3212890625 0.0390625 0.1123046875
1 0.779296875 0.3251953125 0.033203125 0.126953125
1 0.7109375 0.2646484375 0.0234375 0.111328125
1 0.91015625 0.76953125 0.0390625 0.2919921875
1 0.7412109375 0.7587890625 0.0556640625 0.2958984375
1 0.7587890625 0.8544921875 0.0615234375 0.287109375