0 0.693359375 0.32421875 0.0146484375 0.0205078125
1 0.6201171875 0.453125 0.0634765625 0.154296875
1 0.4921875 0.3994140625 0.04296875 0.16015625
1 0.3603515625 0.3564453125 0.02734375 0.1259765625
1 0.34765625 0.33203125 0.0400390625 0.125
1 0.224609375 0.302734375 0.02734375 0.125
1 0.2509765625 0.716796875 0.0615234375 0.2294921875
1 0.3916015625 0.751953125 0.064453125 0.283203125
1 0.4072265625 0.92578125 0.07421875 0.1474609375
1 0.2548828125 0.87109375 0.0908203125 0.1572265625
1 0.69921875 0.291015625 0.033203125 0.076171875
1 0.556640625 0.30859375 0.0302734375 0.1220703125
1 0.5263671875 0.291015625 0.0234375 0.107421875
1 0.5068359375 0.2841796875 0.017578125 0.1123046875
1 0.7568359375 0.91796875 0.072265625 0.1640625