0 0.177734375 0.3955078125 0.0166015625 0.03125
1 0.5390625 0.8154296875 0.060546875 0.2841796875
1 0.5556640625 0.4267578125 0.025390625 0.1572265625
1 0.587890625 0.4169921875 0.02734375 0.138671875
1 0.544921875 0.3525390625 0.025390625 0.111328125
1 0.5224609375 0.310546875 0.0283203125 0.091796875
1 0.2177734375 0.3671875 0.044921875 0.1171875
1 0.0546875 0.4462890625 0.0556640625 0.1513671875
1 0.2236328125 0.49609375 0.04296875 0.1787109375
1 0.65625 0.6171875 0.0537109375 0.201171875
1 0.69921875 0.669921875 0.0751953125 0.2314453125
1 0.650390625 0.849609375 0.0703125 0.2900390625
1 0.609375 0.912109375 0.0576171875 0.17578125
1 0.4052734375 0.9521484375 0.0732421875 0.095703125
1 0.24609375 0.900390625 0.08203125 0.1474609375