0 0.908203125 0.482421875 0.017578125 0.02734375
1 0.9306640625 0.3974609375 0.041015625 0.16015625
1 0.6982421875 0.5390625 0.0478515625 0.1943359375
1 0.8349609375 0.8603515625 0.0849609375 0.2646484375
1 0.5908203125 0.7998046875 0.0615234375 0.2314453125
1 0.9228515625 0.8974609375 0.1123046875 0.1533203125
1 0.560546875 0.4833984375 0.0439453125 0.205078125
1 0.40625 0.3828125 0.0419921875 0.1669921875
1 0.0361328125 0.6484375 0.0712890625 0.220703125
1 0.138671875 0.83984375 0.064453125 0.2890625
1 0.0107421875 0.3603515625 0.0205078125 0.1572265625