1 0.5146484375 0.677734375 0.0341796875 0.1806640625
1 0.349609375 0.5068359375 0.02734375 0.1005859375
1 0.2431640625 0.7626953125 0.0498046875 0.22265625
1 0.125 0.6259765625 0.0439453125 0.1572265625
1 0.447265625 0.4970703125 0.0283203125 0.095703125
1 0.4697265625 0.490234375 0.021484375 0.087890625
1 0.6865234375 0.490234375 0.03125 0.1005859375
1 0.8896484375 0.5390625 0.03125 0.126953125
0 0.40234375 0.5146484375 0.0166015625 0.01953125
1 0.37890625 0.9228515625 0.033203125 0.154296875
1 0.4541015625 0.9384765625 0.0625 0.123046875
1 0.9453125 0.8818359375 0.0595703125 0.2158203125