0 0.37890625 0.2412109375 0.0126953125 0.0185546875
1 0.5185546875 0.3994140625 0.048828125 0.1591796875
1 0.49609375 0.2705078125 0.0341796875 0.1044921875
1 0.3017578125 0.26171875 0.0380859375 0.115234375
1 0.1640625 0.2646484375 0.03125 0.103515625
1 0.1171875 0.3232421875 0.037109375 0.1494140625
1 0.1748046875 0.7353515625 0.072265625 0.2763671875
1 0.3037109375 0.83203125 0.0751953125 0.302734375
1 0.3828125 0.7255859375 0.0634765625 0.28125
1 0.5673828125 0.361328125 0.0390625 0.1611328125
1 0.59375 0.2412109375 0.03125 0.1103515625
1 0.908203125 0.7568359375 0.05859375 0.283203125