1 0.4072265625 0.66796875 0.0380859375 0.1865234375
1 0.81640625 0.609375 0.0390625 0.1572265625
1 0.6953125 0.767578125 0.0546875 0.2255859375
1 0.2685546875 0.498046875 0.037109375 0.11328125
1 0.39453125 0.4951171875 0.03515625 0.1005859375
1 0.62890625 0.4794921875 0.0205078125 0.095703125
1 0.6083984375 0.46875 0.041015625 0.0927734375
0 0.5478515625 0.51171875 0.0107421875 0.0205078125
1 0.1044921875 0.8857421875 0.0791015625 0.228515625
1 0.6220703125 0.919921875 0.044921875 0.1591796875
1 0.455078125 0.9296875 0.0576171875 0.1396484375
1 0.0107421875 0.5263671875 0.021484375 0.1357421875