0 0.4384765625 0.37109375 0.0146484375 0.0166015625
1 0.3916015625 0.423828125 0.041015625 0.1396484375
1 0.2978515625 0.38671875 0.0263671875 0.1220703125
1 0.498046875 0.3203125 0.0205078125 0.078125
1 0.5126953125 0.337890625 0.021484375 0.107421875
1 0.5654296875 0.30859375 0.0234375 0.08203125
1 0.57421875 0.349609375 0.025390625 0.1162109375
1 0.6416015625 0.3505859375 0.01953125 0.11328125
1 0.72265625 0.3759765625 0.037109375 0.1064453125
1 0.720703125 0.3125 0.0224609375 0.0595703125
1 0.6982421875 0.751953125 0.05859375 0.220703125
1 0.45703125 0.80859375 0.0625 0.2626953125