0 0.5068359375 0.5 0.01171875 0.025390625
1 0.9375 0.517578125 0.0556640625 0.1826171875
1 0.7216796875 0.5537109375 0.048828125 0.19921875
1 0.490234375 0.5205078125 0.0546875 0.1796875
1 0.3984375 0.408203125 0.0380859375 0.13671875
1 0.21875 0.353515625 0.0302734375 0.1181640625
1 0.125 0.73046875 0.064453125 0.24609375
1 0.0361328125 0.763671875 0.0478515625 0.2724609375
1 0.53125 0.404296875 0.041015625 0.14453125
1 0.666015625 0.3671875 0.0380859375 0.1318359375
1 0.7353515625 0.384765625 0.03515625 0.13671875
1 0.7744140625 0.3525390625 0.0244140625 0.1396484375