0 0.501953125 0.3408203125 0.013671875 0.025390625
1 0.26953125 0.2958984375 0.03125 0.142578125
1 0.087890625 0.3466796875 0.0380859375 0.158203125
1 0.3701171875 0.6923828125 0.0625 0.267578125
1 0.5703125 0.6259765625 0.0478515625 0.21484375
1 0.564453125 0.365234375 0.0390625 0.1435546875
1 0.6171875 0.3427734375 0.029296875 0.125
1 0.615234375 0.318359375 0.0380859375 0.134765625
1 0.7646484375 0.3388671875 0.025390625 0.138671875
1 0.63671875 0.2470703125 0.0263671875 0.1064453125
1 0.5732421875 0.2841796875 0.037109375 0.123046875
1 0.5361328125 0.2587890625 0.0322265625 0.1142578125
1 0.43359375 0.8662109375 0.064453125 0.1630859375
1 0.5830078125 0.75390625 0.072265625 0.1357421875