0 0.5126953125 0.423828125 0.015625 0.0244140625
1 0.6611328125 0.6689453125 0.056640625 0.2353515625
1 0.6484375 0.412109375 0.0458984375 0.1865234375
1 0.8564453125 0.310546875 0.0458984375 0.142578125
1 0.7685546875 0.6552734375 0.05078125 0.2783203125
1 0.78515625 0.7861328125 0.05859375 0.279296875
1 0.08203125 0.7958984375 0.0859375 0.291015625
1 0.0888671875 0.869140625 0.0634765625 0.26171875
1 0.3759765625 0.4638671875 0.0546875 0.2109375
1 0.4091796875 0.32421875 0.0400390625 0.1328125
1 0.4453125 0.3359375 0.025390625 0.1240234375
1 0.458984375 0.287109375 0.0361328125 0.1220703125
1 0.26953125 0.2744140625 0.0361328125 0.126953125
1 0.056640625 0.275390625 0.044921875 0.1318359375