0 0.4560546875 0.3173828125 0.0126953125 0.0185546875
1 0.3876953125 0.458984375 0.04296875 0.17578125
1 0.208984375 0.376953125 0.044921875 0.140625
1 0.3623046875 0.8515625 0.0634765625 0.296875
1 0.6845703125 0.775390625 0.0654296875 0.228515625
1 0.5625 0.326171875 0.0244140625 0.1240234375
1 0.611328125 0.3173828125 0.0234375 0.126953125
1 0.65234375 0.3369140625 0.0341796875 0.1162109375
1 0.6982421875 0.310546875 0.0224609375 0.1328125
1 0.5185546875 0.2734375 0.021484375 0.09765625
1 0.474609375 0.30078125 0.0234375 0.111328125
1 0.455078125 0.2890625 0.01953125 0.06640625