0 0.7138671875 0.2939453125 0.015625 0.029296875
1 0.1015625 0.4697265625 0.05078125 0.1650390625
1 0.2626953125 0.3115234375 0.0322265625 0.126953125
1 0.298828125 0.3115234375 0.0322265625 0.1318359375
1 0.34375 0.2666015625 0.0263671875 0.115234375
1 0.3291015625 0.23046875 0.025390625 0.1142578125
1 0.736328125 0.251953125 0.029296875 0.119140625
1 0.8583984375 0.3681640625 0.03515625 0.17578125
1 0.5322265625 0.8515625 0.0654296875 0.2958984375
1 0.041015625 0.8525390625 0.0810546875 0.2392578125
1 0.806640625 0.90625 0.08203125 0.158203125