0 0.37890625 0.4755859375 0.015625 0.025390625
1 0.5009765625 0.6220703125 0.0400390625 0.1689453125
1 0.53125 0.501953125 0.033203125 0.138671875
1 0.55859375 0.49609375 0.037109375 0.123046875
1 0.5146484375 0.44921875 0.0224609375 0.0986328125
1 0.45703125 0.3994140625 0.0283203125 0.10546875
1 0.26953125 0.46484375 0.0341796875 0.13671875
1 0.2041015625 0.6728515625 0.05078125 0.21875
1 0.8125 0.4521484375 0.0244140625 0.12890625
1 0.837890625 0.462890625 0.037109375 0.1240234375
1 0.5947265625 0.9189453125 0.0498046875 0.1611328125