0 0.6611328125 0.4970703125 0.009765625 0.01953125
1 0.6767578125 0.458984375 0.0244140625 0.1142578125
1 0.6640625 0.451171875 0.0283203125 0.1083984375
1 0.6015625 0.40234375 0.025390625 0.095703125
1 0.51171875 0.4130859375 0.0185546875 0.1279296875
1 0.466796875 0.416015625 0.021484375 0.1142578125
1 0.3623046875 0.5048828125 0.029296875 0.166015625
1 0.564453125 0.802734375 0.0419921875 0.2060546875
1 0.5078125 0.8603515625 0.060546875 0.2265625
1 0.5068359375 0.8212890625 0.0546875 0.2451171875
1 0.623046875 0.7392578125 0.0478515625 0.2333984375
1 0.267578125 0.4267578125 0.025390625 0.138671875
1 0.103515625 0.447265625 0.0380859375 0.1455078125
1 0.095703125 0.55859375 0.0419921875 0.1630859375