0 0.34765625 0.3203125 0.015625 0.0244140625
1 0.234375 0.46875 0.0498046875 0.205078125
1 0.6142578125 0.396484375 0.04296875 0.2060546875
1 0.6513671875 0.2373046875 0.029296875 0.1220703125
1 0.9287109375 0.408203125 0.0361328125 0.201171875
1 0.9892578125 0.3037109375 0.0205078125 0.1455078125
1 0.978515625 0.8359375 0.04296875 0.328125
1 0.728515625 0.916015625 0.080078125 0.16796875
1 0.9052734375 0.306640625 0.0380859375 0.08203125
1 0.029296875 0.8447265625 0.05859375 0.3056640625
1 0.013671875 0.7119140625 0.02734375 0.248046875