1 0.681640625 0.42578125 0.03125 0.107421875
1 0.658203125 0.3955078125 0.0439453125 0.0986328125
1 0.708984375 0.3779296875 0.0302734375 0.07421875
1 0.6875 0.359375 0.0205078125 0.0859375
1 0.76953125 0.4111328125 0.025390625 0.099609375
1 0.7958984375 0.421875 0.025390625 0.1005859375
1 0.77734375 0.4482421875 0.02734375 0.1337890625
1 0.4814453125 0.552734375 0.0478515625 0.15625
1 0.3173828125 0.888671875 0.05859375 0.2216796875
1 0.8896484375 0.4111328125 0.0244140625 0.1123046875
1 0.853515625 0.376953125 0.0302734375 0.107421875