0 0.419921875 0.3349609375 0.015625 0.0234375
1 0.40625 0.4404296875 0.0283203125 0.107421875
1 0.4345703125 0.501953125 0.05859375 0.142578125
1 0.4638671875 0.6083984375 0.064453125 0.1533203125
1 0.3603515625 0.7470703125 0.056640625 0.2568359375
1 0.33203125 0.505859375 0.0380859375 0.1240234375
1 0.33203125 0.4423828125 0.0361328125 0.119140625
1 0.9609375 0.568359375 0.0419921875 0.158203125
1 0.87890625 0.9052734375 0.0537109375 0.1884765625
1 0.7607421875 0.943359375 0.0703125 0.11328125
1 0.12890625 0.4638671875 0.0341796875 0.1435546875