0 0.5751953125 0.451171875 0.013671875 0.0234375
1 0.59375 0.41015625 0.0390625 0.111328125
1 0.6845703125 0.4677734375 0.037109375 0.119140625
1 0.484375 0.853515625 0.080078125 0.2734375
1 0.2490234375 0.599609375 0.0546875 0.1787109375
1 0.390625 0.4521484375 0.03515625 0.111328125
1 0.30859375 0.4453125 0.025390625 0.103515625
1 0.3310546875 0.375 0.021484375 0.0966796875
1 0.298828125 0.412109375 0.0205078125 0.1162109375
1 0.2197265625 0.400390625 0.021484375 0.111328125
1 0.1552734375 0.431640625 0.025390625 0.1142578125
1 0.158203125 0.4140625 0.0322265625 0.11328125