0 0.5537109375 0.5 0.0185546875 0.029296875
1 0.12109375 0.455078125 0.0361328125 0.1416015625
1 0.158203125 0.5703125 0.076171875 0.1533203125
1 0.296875 0.4208984375 0.029296875 0.1357421875
1 0.3916015625 0.51171875 0.029296875 0.1630859375
1 0.498046875 0.4326171875 0.02734375 0.12109375
1 0.525390625 0.4111328125 0.0234375 0.126953125
1 0.6494140625 0.462890625 0.0361328125 0.12109375
1 0.6455078125 0.43359375 0.0400390625 0.1259765625
1 0.572265625 0.3974609375 0.03515625 0.1015625
1 0.478515625 0.8388671875 0.0439453125 0.2412109375
1 0.501953125 0.85546875 0.07421875 0.2109375
1 0.5771484375 0.806640625 0.0361328125 0.2177734375
1 0.58984375 0.7578125 0.029296875 0.2412109375