0 0.2763671875 0.3095703125 0.0166015625 0.03125
1 0.9365234375 0.4990234375 0.0546875 0.177734375
1 0.763671875 0.328125 0.03515625 0.13671875
1 0.7236328125 0.3291015625 0.0341796875 0.142578125
1 0.67578125 0.2802734375 0.0283203125 0.1240234375
1 0.69140625 0.2412109375 0.02734375 0.123046875
1 0.251953125 0.2646484375 0.03125 0.12890625
1 0.1201171875 0.3896484375 0.0380859375 0.189453125
1 0.47265625 0.8759765625 0.0712890625 0.248046875
1 0.9794921875 0.8916015625 0.041015625 0.216796875
1 0.17578125 0.9423828125 0.087890625 0.115234375