0 0.5703125 0.28125 0.0166015625 0.01953125
1 0.2333984375 0.4365234375 0.052734375 0.1767578125
1 0.26171875 0.3681640625 0.0380859375 0.15625
1 0.1201171875 0.29296875 0.0341796875 0.1318359375
1 0.189453125 0.7412109375 0.072265625 0.2744140625
1 0.3720703125 0.740234375 0.0751953125 0.228515625
1 0.890625 0.8671875 0.0810546875 0.2646484375
1 0.052734375 0.7421875 0.064453125 0.2197265625
1 0.32421875 0.3095703125 0.0283203125 0.1396484375
1 0.4755859375 0.2802734375 0.0234375 0.1025390625
1 0.4853515625 0.2451171875 0.0166015625 0.0830078125
1 0.5390625 0.2236328125 0.0390625 0.1015625
1 0.666015625 0.2607421875 0.02734375 0.1259765625
1 0.6875 0.2705078125 0.03125 0.115234375