0 0.4921875 0.416015625 0.0146484375 0.0234375
1 0.349609375 0.6513671875 0.0546875 0.2265625
1 0.3623046875 0.404296875 0.044921875 0.1796875
1 0.1611328125 0.306640625 0.0439453125 0.13671875
1 0.2470703125 0.6376953125 0.048828125 0.267578125
1 0.23046875 0.7646484375 0.056640625 0.26953125
1 0.9072265625 0.7744140625 0.08203125 0.2802734375
1 0.9013671875 0.8583984375 0.0615234375 0.27734375
1 0.6240234375 0.4541015625 0.052734375 0.203125
1 0.5927734375 0.3193359375 0.0380859375 0.1279296875
1 0.5576171875 0.3310546875 0.0244140625 0.119140625
1 0.5439453125 0.2841796875 0.03515625 0.1171875
1 0.7275390625 0.271484375 0.03515625 0.123046875
1 0.9326171875 0.2724609375 0.0439453125 0.126953125