0 0.296875 0.3681640625 0.0126953125 0.0205078125
1 0.2978515625 0.439453125 0.03125 0.1337890625
1 0.31640625 0.3291015625 0.03125 0.12109375
1 0.298828125 0.33203125 0.0234375 0.0751953125
1 0.4775390625 0.3291015625 0.025390625 0.1162109375
1 0.5263671875 0.4150390625 0.04296875 0.15234375
1 0.58984375 0.357421875 0.0322265625 0.126953125
1 0.703125 0.3544921875 0.025390625 0.138671875
1 0.83984375 0.396484375 0.0341796875 0.1259765625
1 0.822265625 0.34375 0.0302734375 0.1318359375
1 0.787109375 0.8046875 0.060546875 0.2578125
1 0.6376953125 0.8466796875 0.0634765625 0.3046875