0 0.6494140625 0.65234375 0.01953125 0.0302734375
1 0.701171875 0.583984375 0.0419921875 0.1767578125
1 0.6640625 0.5546875 0.046875 0.1494140625
1 0.41796875 0.5966796875 0.0380859375 0.18359375
1 0.4453125 0.5595703125 0.0380859375 0.1396484375
1 0.5390625 0.484375 0.0341796875 0.1298828125
1 0.40625 0.4501953125 0.025390625 0.119140625
1 0.232421875 0.4677734375 0.0439453125 0.1298828125
1 0.1767578125 0.51171875 0.041015625 0.1435546875
1 0.3828125 0.875 0.0595703125 0.25
1 0.529296875 0.8837890625 0.03515625 0.232421875