0 0.3720703125 0.408203125 0.013671875 0.0234375
1 0.21484375 0.4013671875 0.04296875 0.140625
1 0.3857421875 0.3447265625 0.0380859375 0.115234375
1 0.400390625 0.4580078125 0.0595703125 0.1416015625
1 0.4765625 0.4287109375 0.056640625 0.1162109375
1 0.521484375 0.3818359375 0.0439453125 0.1259765625
1 0.5869140625 0.3466796875 0.02734375 0.1220703125
1 0.6376953125 0.39453125 0.0283203125 0.12890625
1 0.68359375 0.3603515625 0.0244140625 0.1357421875
1 0.619140625 0.306640625 0.01953125 0.1103515625
1 0.6865234375 0.740234375 0.033203125 0.203125
1 0.5712890625 0.72265625 0.0361328125 0.2724609375
1 0.4384765625 0.8349609375 0.0751953125 0.2685546875