0 0.3818359375 0.5595703125 0.0205078125 0.04296875
1 0.5556640625 0.2587890625 0.029296875 0.1357421875
1 0.2060546875 0.265625 0.033203125 0.146484375
1 0.3408203125 0.505859375 0.052734375 0.2353515625
1 0.3154296875 0.8505859375 0.08203125 0.29296875
1 0.845703125 0.75 0.078125 0.2333984375
1 0.9189453125 0.404296875 0.0576171875 0.1787109375
1 0.88671875 0.2978515625 0.044921875 0.1318359375
1 0.751953125 0.2197265625 0.0341796875 0.115234375
1 0.638671875 0.1826171875 0.03125 0.123046875
1 0.9384765625 0.2666015625 0.04296875 0.1396484375