0 0.494140625 0.58203125 0.013671875 0.0244140625
1 0.4072265625 0.4765625 0.0283203125 0.0908203125
1 0.22265625 0.5283203125 0.0380859375 0.1279296875
1 0.0986328125 0.7001953125 0.0390625 0.1953125
1 0.4775390625 0.525390625 0.025390625 0.12109375
1 0.5380859375 0.5986328125 0.03125 0.1328125
1 0.576171875 0.5849609375 0.052734375 0.1337890625
1 0.7197265625 0.55078125 0.03515625 0.11328125
1 0.9619140625 0.515625 0.0341796875 0.109375
1 0.0791015625 0.9365234375 0.0400390625 0.1259765625
1 0.181640625 0.9501953125 0.05078125 0.099609375