0 0.7490234375 0.529296875 0.0205078125 0.03125
1 0.123046875 0.53125 0.0341796875 0.193359375
1 0.279296875 0.3935546875 0.0458984375 0.13671875
1 0.455078125 0.4541015625 0.03515625 0.1611328125
1 0.4794921875 0.33984375 0.0322265625 0.1220703125
1 0.5068359375 0.388671875 0.029296875 0.130859375
1 0.55078125 0.3505859375 0.0302734375 0.126953125
1 0.712890625 0.3779296875 0.0302734375 0.1171875
1 0.7802734375 0.4873046875 0.0439453125 0.171875
1 0.7978515625 0.3681640625 0.03125 0.111328125
1 0.8359375 0.919921875 0.078125 0.150390625
1 0.7548828125 0.943359375 0.076171875 0.11328125