0 0.6650390625 0.326171875 0.0146484375 0.02734375
1 0.6435546875 0.423828125 0.0556640625 0.1484375
1 0.673828125 0.291015625 0.037109375 0.0810546875
1 0.5830078125 0.3134765625 0.0419921875 0.1337890625
1 0.462890625 0.375 0.029296875 0.1513671875
1 0.4296875 0.271484375 0.0244140625 0.099609375
1 0.447265625 0.28125 0.033203125 0.1123046875
1 0.2802734375 0.3427734375 0.0322265625 0.1435546875
1 0.17578125 0.4150390625 0.0400390625 0.16015625
1 0.373046875 0.7666015625 0.0654296875 0.28125
1 0.2119140625 0.744140625 0.05859375 0.21484375
1 0.3837890625 0.9365234375 0.083984375 0.1259765625
1 0.2119140625 0.890625 0.0810546875 0.177734375
1 0.19140625 0.2978515625 0.0263671875 0.1142578125