0 0.5888671875 0.5478515625 0.017578125 0.0302734375
1 0.220703125 0.3681640625 0.021484375 0.1123046875
1 0.3154296875 0.458984375 0.0283203125 0.1298828125
1 0.421875 0.4921875 0.03515625 0.14453125
1 0.6953125 0.341796875 0.0234375 0.10546875
1 0.7841796875 0.314453125 0.017578125 0.1025390625
1 0.798828125 0.5048828125 0.0478515625 0.162109375
1 0.673828125 0.6279296875 0.0517578125 0.2119140625
1 0.642578125 0.5166015625 0.03125 0.1640625
1 0.376953125 0.826171875 0.072265625 0.232421875
1 0.2216796875 0.7255859375 0.0615234375 0.21484375
1 0.01953125 0.4697265625 0.0390625 0.1435546875