0 0.615234375 0.24609375 0.01171875 0.0185546875
1 0.4765625 0.40234375 0.0478515625 0.1572265625
1 0.4990234375 0.275390625 0.0341796875 0.1025390625
1 0.69140625 0.2666015625 0.0380859375 0.11328125
1 0.8271484375 0.26953125 0.03125 0.1025390625
1 0.875 0.3271484375 0.037109375 0.1474609375
1 0.81640625 0.734375 0.0712890625 0.2734375
1 0.689453125 0.830078125 0.07421875 0.298828125
1 0.611328125 0.724609375 0.0625 0.27734375
1 0.4287109375 0.365234375 0.0390625 0.1591796875
1 0.40234375 0.24609375 0.03125 0.1083984375
1 0.091796875 0.755859375 0.05859375 0.2802734375