1 0.1123046875 0.5224609375 0.03515625 0.123046875
1 0.1455078125 0.6240234375 0.0244140625 0.166015625
1 0.251953125 0.53515625 0.0234375 0.10546875
1 0.3984375 0.5673828125 0.0390625 0.1474609375
1 0.4267578125 0.4833984375 0.0302734375 0.087890625
1 0.44921875 0.46875 0.0185546875 0.083984375
1 0.5966796875 0.6416015625 0.03125 0.17578125
1 0.6943359375 0.5693359375 0.0302734375 0.13671875
1 0.943359375 0.607421875 0.0380859375 0.1748046875
0 0.4453125 0.521484375 0.0107421875 0.0205078125
1 0.2998046875 0.89453125 0.0546875 0.2109375