0 0.3603515625 0.2587890625 0.015625 0.029296875
1 0.2744140625 0.3232421875 0.033203125 0.16796875
1 0.3271484375 0.21875 0.0283203125 0.1240234375
1 0.0498046875 0.7138671875 0.0458984375 0.26171875
1 0.5712890625 0.8564453125 0.06640625 0.287109375
1 0.30078125 0.8828125 0.0673828125 0.1982421875
1 0.12890625 0.8212890625 0.076171875 0.16015625
1 0.7607421875 0.240234375 0.02734375 0.1123046875
1 0.7548828125 0.21484375 0.0400390625 0.123046875
1 0.8271484375 0.298828125 0.0458984375 0.1494140625
1 0.875 0.310546875 0.037109375 0.1484375