0 0.16015625 0.4423828125 0.01171875 0.0205078125
1 0.576171875 0.490234375 0.03125 0.13671875
1 0.3681640625 0.37890625 0.03515625 0.1044921875
1 0.2646484375 0.349609375 0.0234375 0.0947265625
1 0.5966796875 0.861328125 0.046875 0.2685546875
1 0.2275390625 0.4697265625 0.0361328125 0.1357421875
1 0.2265625 0.3974609375 0.0205078125 0.0615234375
1 0.2158203125 0.380859375 0.0185546875 0.107421875
1 0.216796875 0.34375 0.0205078125 0.0595703125
1 0.189453125 0.408203125 0.0283203125 0.1123046875
1 0.142578125 0.416015625 0.03515625 0.0751953125
1 0.146484375 0.3681640625 0.0244140625 0.095703125