0 0.2998046875 0.333984375 0.01171875 0.0185546875
1 0.30078125 0.3994140625 0.0283203125 0.123046875
1 0.3173828125 0.298828125 0.0283203125 0.111328125
1 0.3017578125 0.30078125 0.021484375 0.0693359375
1 0.46484375 0.298828125 0.0234375 0.1064453125
1 0.509765625 0.376953125 0.0390625 0.1396484375
1 0.5673828125 0.32421875 0.029296875 0.1162109375
1 0.671875 0.3212890625 0.0234375 0.126953125
1 0.796875 0.3603515625 0.03125 0.115234375
1 0.7802734375 0.3125 0.02734375 0.12109375
1 0.748046875 0.7333984375 0.0556640625 0.2353515625
1 0.6123046875 0.7724609375 0.05859375 0.279296875