0 0.498046875 0.349609375 0.0107421875 0.0166015625
1 0.435546875 0.4765625 0.0390625 0.158203125
1 0.2734375 0.40234375 0.041015625 0.126953125
1 0.4130859375 0.83203125 0.05859375 0.2705078125
1 0.7041015625 0.7626953125 0.0595703125 0.20703125
1 0.59375 0.3564453125 0.0224609375 0.1123046875
1 0.638671875 0.349609375 0.021484375 0.115234375
1 0.67578125 0.3662109375 0.0302734375 0.10546875
1 0.716796875 0.3427734375 0.0205078125 0.1201171875
1 0.5546875 0.3095703125 0.01953125 0.087890625
1 0.5146484375 0.333984375 0.021484375 0.1005859375
1 0.4970703125 0.3232421875 0.017578125 0.0595703125