0 0.361328125 0.23828125 0.013671875 0.0224609375
1 0.1796875 0.28125 0.0439453125 0.154296875
1 0.4404296875 0.6455078125 0.0712890625 0.26953125
1 0.64453125 0.583984375 0.0478515625 0.220703125
1 0.34765625 0.2294921875 0.02734375 0.1220703125
1 0.5576171875 0.2666015625 0.03515625 0.142578125
1 0.5751953125 0.2216796875 0.029296875 0.1201171875
1 0.6064453125 0.2099609375 0.0244140625 0.1064453125
1 0.6982421875 0.2001953125 0.0302734375 0.115234375
1 0.802734375 0.28515625 0.0361328125 0.1337890625
1 0.6396484375 0.291015625 0.029296875 0.15234375
1 0.6669921875 0.2646484375 0.0302734375 0.1318359375
1 0.1484375 0.9013671875 0.08984375 0.197265625
1 0.50390625 0.8154296875 0.068359375 0.1689453125
1 0.6552734375 0.734375 0.0634765625 0.1513671875