0 0.2822265625 0.2890625 0.013671875 0.0185546875
1 0.265625 0.2939453125 0.0283203125 0.138671875
1 0.4150390625 0.2509765625 0.02734375 0.1044921875
1 0.48828125 0.2890625 0.0302734375 0.1357421875
1 0.57421875 0.69140625 0.0478515625 0.263671875
1 0.74609375 0.6767578125 0.0615234375 0.216796875
1 0.2529296875 0.923828125 0.0771484375 0.1513671875
1 0.59375 0.8984375 0.064453125 0.16015625
1 0.7490234375 0.8330078125 0.078125 0.1630859375
1 0.833984375 0.34375 0.029296875 0.1396484375
1 0.7822265625 0.265625 0.0283203125 0.1201171875
1 0.685546875 0.333984375 0.029296875 0.142578125
1 0.6591796875 0.3095703125 0.0283203125 0.107421875
1 0.6650390625 0.296875 0.021484375 0.115234375
1 0.65234375 0.26953125 0.01953125 0.109375