0 0.443359375 0.330078125 0.015625 0.025390625
1 0.3330078125 0.4912109375 0.04296875 0.2060546875
1 0.34375 0.30078125 0.0419921875 0.109375
1 0.5556640625 0.37109375 0.046875 0.1591796875
1 0.6689453125 0.318359375 0.0322265625 0.1162109375
1 0.8583984375 0.3759765625 0.0439453125 0.14453125
1 0.6484375 0.720703125 0.044921875 0.27734375
1 0.4501953125 0.7265625 0.060546875 0.2666015625
1 0.48046875 0.849609375 0.0703125 0.30078125
1 0.2119140625 0.3681640625 0.03125 0.1552734375
1 0.2041015625 0.279296875 0.0361328125 0.115234375
1 0.2451171875 0.294921875 0.037109375 0.1171875
1 0.9853515625 0.310546875 0.029296875 0.12890625