0 0.4072265625 0.283203125 0.0126953125 0.0224609375
1 0.037109375 0.546875 0.05078125 0.1767578125
1 0.2265625 0.4111328125 0.0361328125 0.146484375
1 0.3896484375 0.4208984375 0.0380859375 0.1494140625
1 0.3505859375 0.8193359375 0.05859375 0.2841796875
1 0.6728515625 0.7333984375 0.046875 0.259765625
1 0.5537109375 0.9345703125 0.06640625 0.1298828125
1 0.703125 0.8759765625 0.072265625 0.142578125
1 0.27734375 0.931640625 0.0751953125 0.13671875
1 0.4248046875 0.373046875 0.04296875 0.125
1 0.4443359375 0.3193359375 0.029296875 0.1025390625
1 0.42578125 0.28515625 0.017578125 0.068359375
1 0.5927734375 0.3642578125 0.03125 0.1181640625
1 0.7294921875 0.3876953125 0.0234375 0.1396484375
1 0.720703125 0.3173828125 0.0244140625 0.111328125