0 0.2373046875 0.5576171875 0.0185546875 0.029296875
1 0.1162109375 0.4892578125 0.0595703125 0.1337890625
1 0.4580078125 0.4482421875 0.0341796875 0.125
1 0.83984375 0.576171875 0.03515625 0.19921875
1 0.7275390625 0.3896484375 0.029296875 0.1142578125
1 0.69921875 0.541015625 0.037109375 0.15234375
1 0.7021484375 0.6533203125 0.0419921875 0.1796875
1 0.953125 0.8779296875 0.0595703125 0.244140625
1 0.2685546875 0.8896484375 0.064453125 0.220703125
1 0.080078125 0.8935546875 0.0576171875 0.212890625
1 0.041015625 0.900390625 0.0615234375 0.1904296875