0 0.333984375 0.4033203125 0.0126953125 0.0205078125
1 0.4169921875 0.4140625 0.0419921875 0.111328125
1 0.5751953125 0.591796875 0.033203125 0.173828125
1 0.724609375 0.91796875 0.0419921875 0.1640625
1 0.3642578125 0.4013671875 0.0380859375 0.1083984375
1 0.34375 0.3623046875 0.0234375 0.091796875
1 0.28125 0.3828125 0.037109375 0.1123046875
1 0.189453125 0.46875 0.0419921875 0.1513671875
1 0.19140625 0.419921875 0.0283203125 0.1201171875
1 0.123046875 0.4375 0.0341796875 0.119140625
1 0.0703125 0.4150390625 0.0302734375 0.1318359375
1 0.1279296875 0.353515625 0.02734375 0.0732421875