0 0.3642578125 0.3388671875 0.017578125 0.03125
1 0.8955078125 0.5390625 0.080078125 0.2353515625
1 0.9453125 0.38671875 0.04296875 0.1865234375
1 0.7939453125 0.4580078125 0.05078125 0.203125
1 0.7041015625 0.3291015625 0.0419921875 0.1513671875
1 0.66015625 0.32421875 0.0341796875 0.166015625
1 0.6259765625 0.2890625 0.03125 0.1142578125
1 0.5498046875 0.208984375 0.0244140625 0.126953125
1 0.1943359375 0.34765625 0.0439453125 0.16796875
1 0.12890625 0.2197265625 0.03125 0.1328125
1 0.4755859375 0.8662109375 0.080078125 0.267578125
1 0.98046875 0.8857421875 0.0380859375 0.2275390625