0 0.6259765625 0.421875 0.0126953125 0.0166015625
1 0.17578125 0.8056640625 0.0751953125 0.2333984375
1 0.34375 0.9228515625 0.095703125 0.154296875
1 0.7666015625 0.890625 0.0654296875 0.2177734375
1 0.6201171875 0.5302734375 0.0322265625 0.158203125
1 0.6708984375 0.423828125 0.021484375 0.111328125
1 0.767578125 0.4287109375 0.0302734375 0.1171875
1 0.6083984375 0.40234375 0.029296875 0.0634765625
1 0.5927734375 0.50390625 0.0234375 0.126953125
1 0.5341796875 0.4931640625 0.0283203125 0.1171875
1 0.357421875 0.4921875 0.0341796875 0.123046875