0 0.8447265625 0.455078125 0.0185546875 0.02734375
1 0.4951171875 0.28515625 0.02734375 0.1015625
1 0.525390625 0.583984375 0.0576171875 0.2109375
1 0.888671875 0.4296875 0.03125 0.16015625
1 0.8330078125 0.408203125 0.03125 0.076171875
1 0.4716796875 0.4287109375 0.0419921875 0.1484375
1 0.470703125 0.337890625 0.021484375 0.09765625
1 0.40234375 0.3515625 0.025390625 0.1162109375
1 0.380859375 0.3818359375 0.0283203125 0.1357421875
1 0.3505859375 0.5732421875 0.0458984375 0.181640625
1 0.3388671875 0.791015625 0.060546875 0.2744140625
1 0.2734375 0.82421875 0.064453125 0.27734375
1 0.255859375 0.90234375 0.0625 0.1953125
1 0.4873046875 0.9267578125 0.068359375 0.146484375
1 0.6396484375 0.8330078125 0.0654296875 0.1416015625