0 0.50390625 0.341796875 0.013671875 0.0234375
1 0.4775390625 0.33203125 0.05859375 0.087890625
1 0.533203125 0.3115234375 0.046875 0.1279296875
1 0.642578125 0.3896484375 0.044921875 0.158203125
1 0.7255859375 0.4345703125 0.0302734375 0.181640625
1 0.865234375 0.6982421875 0.05078125 0.2578125
1 0.763671875 0.271484375 0.025390625 0.1328125
1 0.3935546875 0.267578125 0.0419921875 0.109375
1 0.43359375 0.4296875 0.0439453125 0.1494140625
1 0.2373046875 0.43359375 0.0537109375 0.1669921875
1 0.0634765625 0.44921875 0.05078125 0.197265625