0 0.638671875 0.236328125 0.013671875 0.0234375
1 0.82421875 0.2802734375 0.044921875 0.158203125
1 0.556640625 0.6533203125 0.0732421875 0.2763671875
1 0.3466796875 0.5908203125 0.048828125 0.2265625
1 0.65234375 0.2275390625 0.0283203125 0.125
1 0.4365234375 0.2646484375 0.0361328125 0.146484375
1 0.41796875 0.2197265625 0.0302734375 0.1240234375
1 0.3857421875 0.20703125 0.025390625 0.1083984375
1 0.2919921875 0.197265625 0.03125 0.1181640625
1 0.185546875 0.2841796875 0.037109375 0.13671875
1 0.3525390625 0.2900390625 0.0302734375 0.15625
1 0.32421875 0.2626953125 0.0302734375 0.1357421875
1 0.85546875 0.908203125 0.0927734375 0.18359375
1 0.4912109375 0.828125 0.0703125 0.173828125
1 0.3369140625 0.7451171875 0.0654296875 0.1552734375