0 0.3388671875 0.3828125 0.01171875 0.015625
1 0.744140625 0.728515625 0.068359375 0.2099609375
1 0.5927734375 0.8818359375 0.0869140625 0.234375
1 0.2119140625 0.80859375 0.05859375 0.203125
1 0.3447265625 0.48046875 0.029296875 0.142578125
1 0.298828125 0.384765625 0.01953125 0.1005859375
1 0.2119140625 0.3896484375 0.02734375 0.10546875
1 0.35546875 0.365234375 0.0263671875 0.056640625
1 0.369140625 0.45703125 0.0205078125 0.1142578125
1 0.421875 0.447265625 0.025390625 0.10546875
1 0.5810546875 0.4462890625 0.03125 0.1103515625