1 0.3896484375 0.654296875 0.0341796875 0.1923828125
1 0.421875 0.619140625 0.0283203125 0.171875
1 0.47265625 0.544921875 0.0361328125 0.109375
1 0.5107421875 0.5205078125 0.0361328125 0.11328125
1 0.541015625 0.5087890625 0.03515625 0.1044921875
1 0.611328125 0.5009765625 0.0302734375 0.1083984375
1 0.6357421875 0.5791015625 0.0361328125 0.13671875
1 0.86328125 0.6123046875 0.056640625 0.171875
1 0.9453125 0.541015625 0.0322265625 0.1455078125
0 0.548828125 0.587890625 0.0126953125 0.0185546875
1 0.623046875 0.9189453125 0.06640625 0.162109375
1 0.689453125 0.9765625 0.0634765625 0.0458984375