0 0.8291015625 0.4296875 0.017578125 0.029296875
1 0.880859375 0.3955078125 0.029296875 0.171875
1 0.80859375 0.3505859375 0.0322265625 0.1328125
1 0.5126953125 0.408203125 0.0537109375 0.16015625
1 0.4521484375 0.2470703125 0.02734375 0.103515625
1 0.421875 0.3251953125 0.02734375 0.1376953125
1 0.3720703125 0.31640625 0.0234375 0.125
1 0.29296875 0.3564453125 0.037109375 0.150390625
1 0.4228515625 0.5908203125 0.0751953125 0.232421875
1 0.318359375 0.7685546875 0.064453125 0.291015625
1 0.255859375 0.5703125 0.0556640625 0.201171875
1 0.2431640625 0.818359375 0.0693359375 0.28515625
1 0.248046875 0.8984375 0.06640625 0.203125
1 0.4697265625 0.9228515625 0.0693359375 0.154296875
1 0.6318359375 0.826171875 0.07421875 0.1376953125