0 0.6015625 0.423828125 0.0126953125 0.0234375
1 0.513671875 0.400390625 0.02734375 0.0888671875
1 0.3701171875 0.6015625 0.03515625 0.1708984375
1 0.712890625 0.4453125 0.03515625 0.130859375
1 0.7607421875 0.46875 0.03515625 0.1357421875
1 0.8173828125 0.4482421875 0.03125 0.1123046875
1 0.890625 0.4111328125 0.025390625 0.1142578125
1 0.8232421875 0.36328125 0.0234375 0.0859375
1 0.6416015625 0.4013671875 0.029296875 0.095703125
1 0.5869140625 0.40234375 0.03515625 0.1015625
1 0.587890625 0.35546875 0.017578125 0.03515625
1 0.318359375 0.9228515625 0.06640625 0.1533203125