1 0.40625 0.6640625 0.0380859375 0.185546875
1 0.8125 0.60546875 0.0390625 0.15625
1 0.6923828125 0.763671875 0.0546875 0.224609375
1 0.267578125 0.4951171875 0.037109375 0.11328125
1 0.392578125 0.4931640625 0.03515625 0.099609375
1 0.6259765625 0.4765625 0.0205078125 0.095703125
1 0.60546875 0.466796875 0.041015625 0.0927734375
0 0.544921875 0.5087890625 0.0107421875 0.0205078125
1 0.10546875 0.8828125 0.078125 0.23046875
1 0.619140625 0.91796875 0.0439453125 0.1630859375
1 0.453125 0.927734375 0.0576171875 0.14453125
1 0.0107421875 0.5224609375 0.021484375 0.134765625