0 0.2197265625 0.5546875 0.0146484375 0.02734375
1 0.2080078125 0.490234375 0.048828125 0.1484375
1 0.4794921875 0.6455078125 0.0556640625 0.1806640625
1 0.4697265625 0.5263671875 0.0517578125 0.1533203125
1 0.4521484375 0.451171875 0.03125 0.1005859375
1 0.3125 0.7236328125 0.0478515625 0.2509765625
1 0.5595703125 0.525390625 0.0546875 0.1513671875
1 0.91015625 0.4599609375 0.0322265625 0.123046875
1 0.9482421875 0.45703125 0.041015625 0.1279296875
1 0.3623046875 0.392578125 0.025390625 0.11328125
1 0.7060546875 0.9169921875 0.0634765625 0.166015625