0 0.2822265625 0.5322265625 0.0205078125 0.037109375
1 0.392578125 0.30078125 0.0302734375 0.1533203125
1 0.4951171875 0.1953125 0.0283203125 0.1201171875
1 0.25390625 0.484375 0.0537109375 0.2265625
1 0.7509765625 0.3671875 0.05078125 0.1669921875
1 0.8486328125 0.376953125 0.0546875 0.154296875
1 0.6708984375 0.7294921875 0.072265625 0.220703125
1 0.591796875 0.2333984375 0.0302734375 0.1279296875
1 0.7607421875 0.2373046875 0.03125 0.1162109375
1 0.9833984375 0.2724609375 0.033203125 0.150390625
1 0.9091796875 0.6513671875 0.0712890625 0.2060546875
1 0.837890625 0.765625 0.0634765625 0.25390625
1 0.9326171875 0.8115234375 0.0693359375 0.2578125