0 0.4736328125 0.2626953125 0.015625 0.021484375
1 0.1240234375 0.3935546875 0.048828125 0.177734375
1 0.2158203125 0.388671875 0.0478515625 0.1845703125
1 0.384765625 0.3837890625 0.0419921875 0.171875
1 0.416015625 0.8857421875 0.0859375 0.228515625
1 0.94921875 0.70703125 0.05078125 0.2724609375
1 0.8330078125 0.42578125 0.0439453125 0.197265625
1 0.873046875 0.244140625 0.03125 0.134765625
1 0.57421875 0.3857421875 0.0517578125 0.1767578125
1 0.546875 0.287109375 0.052734375 0.109375
1 0.509765625 0.30078125 0.052734375 0.13671875
1 0.4521484375 0.2275390625 0.0380859375 0.1123046875
1 0.720703125 0.91796875 0.08203125 0.1640625
1 0.90625 0.8623046875 0.0703125 0.1484375