0 0.326171875 0.4345703125 0.0146484375 0.021484375
1 0.626953125 0.51953125 0.0302734375 0.1318359375
1 0.470703125 0.419921875 0.0322265625 0.107421875
1 0.287109375 0.384765625 0.0224609375 0.099609375
1 0.251953125 0.423828125 0.0263671875 0.1123046875
1 0.203125 0.4052734375 0.0234375 0.1015625
1 0.158203125 0.4404296875 0.029296875 0.1015625
1 0.1904296875 0.5537109375 0.0380859375 0.1611328125
1 0.5458984375 0.8759765625 0.0673828125 0.248046875
1 0.2841796875 0.466796875 0.041015625 0.11328125
1 0.1328125 0.421875 0.0234375 0.109375