0 0.2099609375 0.5634765625 0.01953125 0.0302734375
1 0.08203125 0.4912109375 0.0625 0.1396484375
1 0.4404296875 0.4482421875 0.03515625 0.1318359375
1 0.841796875 0.5830078125 0.037109375 0.208984375
1 0.7236328125 0.38671875 0.0302734375 0.1201171875
1 0.693359375 0.5458984375 0.0390625 0.16015625
1 0.6962890625 0.6640625 0.0439453125 0.1884765625
1 0.958984375 0.884765625 0.0625 0.23046875
1 0.2412109375 0.8974609375 0.0673828125 0.205078125
1 0.04296875 0.9013671875 0.0625 0.197265625
1 0.017578125 0.9111328125 0.03515625 0.177734375