0 0.65625 0.634765625 0.0146484375 0.0302734375
1 0.169921875 0.5380859375 0.0595703125 0.1650390625
1 0.2861328125 0.400390625 0.0263671875 0.130859375
1 0.3818359375 0.4208984375 0.0322265625 0.1455078125
1 0.4140625 0.544921875 0.056640625 0.193359375
1 0.4462890625 0.4189453125 0.0390625 0.1162109375
1 0.58984375 0.435546875 0.03515625 0.1328125
1 0.6650390625 0.583984375 0.046875 0.16796875
1 0.6826171875 0.484375 0.048828125 0.1552734375
1 0.8251953125 0.4140625 0.0595703125 0.12109375
1 0.8701171875 0.8056640625 0.0537109375 0.27734375
1 0.9453125 0.8115234375 0.0576171875 0.2578125