1 0.2880859375 0.4931640625 0.03515625 0.1103515625
1 0.2529296875 0.5498046875 0.0390625 0.166015625
1 0.0478515625 0.470703125 0.03515625 0.1513671875
1 0.4296875 0.501953125 0.0537109375 0.1494140625
1 0.6005859375 0.59375 0.0380859375 0.19140625
1 0.55078125 0.5869140625 0.05859375 0.181640625
1 0.5615234375 0.4833984375 0.0576171875 0.107421875
1 0.490234375 0.4365234375 0.0205078125 0.123046875
1 0.51171875 0.4384765625 0.0322265625 0.1298828125
0 0.4140625 0.5380859375 0.01171875 0.0205078125
1 0.4501953125 0.8876953125 0.072265625 0.224609375
1 0.3037109375 0.9345703125 0.056640625 0.130859375