0 0.6826171875 0.2578125 0.0146484375 0.0244140625
1 0.8818359375 0.3046875 0.048828125 0.1689453125
1 0.595703125 0.7041015625 0.078125 0.2958984375
1 0.37109375 0.63671875 0.052734375 0.2431640625
1 0.697265625 0.2470703125 0.0302734375 0.1337890625
1 0.466796875 0.2880859375 0.0380859375 0.1572265625
1 0.447265625 0.2392578125 0.0322265625 0.1328125
1 0.412109375 0.2255859375 0.02734375 0.1162109375
1 0.3115234375 0.21484375 0.033203125 0.1259765625
1 0.197265625 0.30859375 0.0390625 0.146484375
1 0.376953125 0.3154296875 0.0322265625 0.16796875
1 0.345703125 0.2861328125 0.033203125 0.1455078125
1 0.9150390625 0.939453125 0.0986328125 0.12109375
1 0.525390625 0.8916015625 0.0751953125 0.185546875
1 0.359375 0.802734375 0.0703125 0.1669921875