0 0.3251953125 0.609375 0.0166015625 0.0419921875
1 0.5908203125 0.833984375 0.0849609375 0.2685546875
1 0.2626953125 0.5986328125 0.07421875 0.2265625
1 0.3134765625 0.3349609375 0.0361328125 0.1328125
1 0.0546875 0.8828125 0.0732421875 0.2333984375
1 0.6044921875 0.5126953125 0.048828125 0.1630859375
1 0.640625 0.396484375 0.0380859375 0.1318359375
1 0.7431640625 0.3408203125 0.0244140625 0.1171875
1 0.83984375 0.4130859375 0.025390625 0.1396484375
1 0.7392578125 0.3076171875 0.0322265625 0.1240234375
1 0.466796875 0.3837890625 0.0283203125 0.1220703125