0 0.4921875 0.2861328125 0.0166015625 0.0224609375
1 0.5419921875 0.416015625 0.05078125 0.1708984375
1 0.515625 0.28125 0.0322265625 0.1142578125
1 0.4912109375 0.232421875 0.021484375 0.1044921875
1 0.103515625 0.4296875 0.0478515625 0.1904296875
1 0.0302734375 0.75390625 0.046875 0.298828125
1 0.083984375 0.2822265625 0.0263671875 0.138671875
1 0.6875 0.3544921875 0.0390625 0.140625
1 0.6435546875 0.3193359375 0.044921875 0.1396484375
1 0.8193359375 0.3955078125 0.0556640625 0.1513671875
1 0.8837890625 0.3857421875 0.0458984375 0.1669921875
1 0.560546875 0.91796875 0.07421875 0.1640625