1 0.1552734375 0.80859375 0.052734375 0.2607421875
1 0.609375 0.630859375 0.0419921875 0.1865234375
1 0.7158203125 0.4951171875 0.0478515625 0.1162109375
1 0.8759765625 0.4990234375 0.052734375 0.119140625
1 0.84375 0.5947265625 0.0341796875 0.162109375
1 0.810546875 0.634765625 0.04296875 0.16796875
0 0.8388671875 0.6474609375 0.009765625 0.0224609375
1 0.29296875 0.56640625 0.0283203125 0.16015625
1 0.3056640625 0.517578125 0.0322265625 0.119140625
1 0.884765625 0.869140625 0.0693359375 0.22265625
1 0.86328125 0.935546875 0.0439453125 0.12890625
1 0.34375 0.9091796875 0.0595703125 0.181640625
1 0.3095703125 0.9541015625 0.04296875 0.091796875