0 0.7978515625 0.5439453125 0.015625 0.02734375
1 0.8095703125 0.478515625 0.0498046875 0.1513671875
1 0.533203125 0.6357421875 0.056640625 0.18359375
1 0.54296875 0.5146484375 0.052734375 0.1552734375
1 0.5615234375 0.4384765625 0.0322265625 0.1015625
1 0.703125 0.7158203125 0.048828125 0.2548828125
1 0.4521484375 0.513671875 0.0556640625 0.1533203125
1 0.095703125 0.4482421875 0.033203125 0.125
1 0.0576171875 0.4453125 0.0419921875 0.1298828125
1 0.6533203125 0.37890625 0.025390625 0.115234375
1 0.3017578125 0.9130859375 0.064453125 0.173828125