0 0.1318359375 0.470703125 0.01953125 0.0283203125
1 0.49609375 0.29296875 0.0283203125 0.10546875
1 0.4658203125 0.60546875 0.0595703125 0.220703125
1 0.0859375 0.4443359375 0.0322265625 0.1669921875
1 0.14453125 0.421875 0.033203125 0.0791015625
1 0.521484375 0.443359375 0.04296875 0.1552734375
1 0.5224609375 0.3486328125 0.0224609375 0.1015625
1 0.59375 0.3623046875 0.0263671875 0.1220703125
1 0.6162109375 0.39453125 0.0302734375 0.1416015625
1 0.6474609375 0.59375 0.0478515625 0.189453125
1 0.66015625 0.8212890625 0.0625 0.2861328125
1 0.728515625 0.85546875 0.0673828125 0.2890625
1 0.74609375 0.91796875 0.0654296875 0.1630859375
1 0.5048828125 0.943359375 0.0712890625 0.11328125
1 0.345703125 0.865234375 0.068359375 0.1474609375