0 0.8232421875 0.4169921875 0.015625 0.029296875
1 0.021484375 0.373046875 0.04296875 0.1650390625
1 0.111328125 0.283203125 0.0322265625 0.125
1 0.1513671875 0.2548828125 0.03125 0.1220703125
1 0.3759765625 0.2646484375 0.0283203125 0.111328125
1 0.4609375 0.2197265625 0.025390625 0.1142578125
1 0.49609375 0.3349609375 0.029296875 0.1513671875
1 0.384765625 0.4033203125 0.03125 0.166015625
1 0.759765625 0.2939453125 0.03515625 0.12890625
1 0.8720703125 0.3955078125 0.037109375 0.17578125
1 0.9150390625 0.697265625 0.0419921875 0.2470703125
1 0.4423828125 0.8623046875 0.0732421875 0.2626953125
1 0.7080078125 0.87890625 0.0830078125 0.1591796875
1 0.880859375 0.828125 0.0771484375 0.173828125