1 0.287109375 0.5283203125 0.033203125 0.1015625
1 0.2548828125 0.5810546875 0.0361328125 0.1533203125
1 0.0654296875 0.5078125 0.0322265625 0.1396484375
1 0.4169921875 0.5361328125 0.048828125 0.1376953125
1 0.5751953125 0.62109375 0.03515625 0.17578125
1 0.529296875 0.615234375 0.0546875 0.1669921875
1 0.5390625 0.51953125 0.052734375 0.0986328125
1 0.47265625 0.4765625 0.0185546875 0.11328125
1 0.4931640625 0.478515625 0.029296875 0.119140625
0 0.4033203125 0.5703125 0.0107421875 0.0185546875
1 0.4375 0.89453125 0.06640625 0.2109375
1 0.302734375 0.9375 0.052734375 0.1240234375