0 0.1875 0.392578125 0.015625 0.0302734375
1 0.5419921875 0.8037109375 0.0595703125 0.2783203125
1 0.5576171875 0.423828125 0.025390625 0.154296875
1 0.58984375 0.4140625 0.02734375 0.1357421875
1 0.5478515625 0.3515625 0.025390625 0.1083984375
1 0.5244140625 0.3095703125 0.0283203125 0.08984375
1 0.2265625 0.365234375 0.0439453125 0.115234375
1 0.0673828125 0.4423828125 0.0546875 0.1484375
1 0.232421875 0.4912109375 0.0419921875 0.1748046875
1 0.65625 0.6103515625 0.052734375 0.197265625
1 0.6982421875 0.662109375 0.07421875 0.2265625
1 0.650390625 0.837890625 0.068359375 0.283203125
1 0.6103515625 0.90625 0.0556640625 0.1875
1 0.41015625 0.9453125 0.072265625 0.109375
1 0.2548828125 0.88671875 0.0810546875 0.14453125