0 0.7099609375 0.5166015625 0.0166015625 0.0263671875
1 0.73046875 0.466796875 0.0283203125 0.1328125
1 0.4794921875 0.5126953125 0.0322265625 0.1416015625
1 0.4599609375 0.505859375 0.0283203125 0.1484375
1 0.095703125 0.4619140625 0.0400390625 0.1220703125
1 0.150390625 0.44140625 0.0263671875 0.11328125
1 0.4326171875 0.4521484375 0.0224609375 0.1103515625
1 0.431640625 0.630859375 0.0322265625 0.1708984375
1 0.7216796875 0.681640625 0.046875 0.21875
1 0.4970703125 0.4013671875 0.029296875 0.09375
1 0.4375 0.91796875 0.04296875 0.1630859375