0 0.642578125 0.490234375 0.0166015625 0.0244140625
1 0.4609375 0.4755859375 0.03515625 0.1259765625
1 0.4365234375 0.4677734375 0.0341796875 0.130859375
1 0.2255859375 0.4501953125 0.029296875 0.111328125
1 0.236328125 0.4296875 0.0234375 0.1083984375
1 0.5087890625 0.4248046875 0.0234375 0.1015625
1 0.5791015625 0.3994140625 0.025390625 0.1015625
1 0.7958984375 0.47265625 0.0263671875 0.1318359375
1 0.8486328125 0.64453125 0.0458984375 0.19140625
1 0.556640625 0.6005859375 0.0537109375 0.146484375
1 0.369140625 0.916015625 0.0478515625 0.16796875