0 0.353515625 0.39453125 0.01171875 0.01953125
1 0.431640625 0.404296875 0.0400390625 0.1044921875
1 0.580078125 0.5703125 0.03125 0.1630859375
1 0.7197265625 0.8994140625 0.0390625 0.2001953125
1 0.3828125 0.392578125 0.0361328125 0.1005859375
1 0.36328125 0.3564453125 0.0224609375 0.0859375
1 0.3046875 0.375 0.03515625 0.1044921875
1 0.21875 0.455078125 0.0390625 0.1416015625
1 0.220703125 0.41015625 0.0263671875 0.1123046875
1 0.15625 0.4267578125 0.0322265625 0.111328125
1 0.107421875 0.4052734375 0.0283203125 0.123046875
1 0.1611328125 0.34765625 0.025390625 0.0693359375