0 0.8857421875 0.3896484375 0.017578125 0.033203125
1 0.0087890625 0.3408203125 0.017578125 0.18359375
1 0.09375 0.2421875 0.03515625 0.138671875
1 0.1396484375 0.2109375 0.0341796875 0.1357421875
1 0.3876953125 0.220703125 0.03125 0.1240234375
1 0.482421875 0.1708984375 0.0283203125 0.126953125
1 0.521484375 0.298828125 0.0322265625 0.1689453125
1 0.3974609375 0.375 0.0341796875 0.1845703125
1 0.814453125 0.25390625 0.0390625 0.1435546875
1 0.939453125 0.3662109375 0.041015625 0.1943359375
1 0.9814453125 0.7001953125 0.037109375 0.275390625
1 0.4619140625 0.869140625 0.08203125 0.26171875
1 0.7568359375 0.904296875 0.091796875 0.1767578125
1 0.94921875 0.8466796875 0.0859375 0.193359375