0 0.357421875 0.267578125 0.0146484375 0.02734375
1 0.2177734375 0.25390625 0.0419921875 0.140625
1 0.375 0.224609375 0.0283203125 0.1181640625
1 0.109375 0.501953125 0.0458984375 0.21875
1 0.31640625 0.66015625 0.0595703125 0.2919921875
1 0.4375 0.599609375 0.046875 0.3046875
1 0.5419921875 0.615234375 0.0380859375 0.2607421875
1 0.4873046875 0.33203125 0.0400390625 0.1640625
1 0.447265625 0.267578125 0.0302734375 0.1484375
1 0.7294921875 0.302734375 0.03125 0.1708984375
1 0.82421875 0.265625 0.03125 0.1337890625
1 0.9892578125 0.28515625 0.021484375 0.162109375
1 0.896484375 0.46875 0.052734375 0.2138671875
1 0.857421875 0.9208984375 0.06640625 0.158203125