0 0.6240234375 0.2578125 0.0146484375 0.0283203125
1 0.7060546875 0.3193359375 0.03125 0.16015625
1 0.6552734375 0.2197265625 0.0263671875 0.1181640625
1 0.919921875 0.6923828125 0.0439453125 0.25
1 0.423828125 0.8447265625 0.0634765625 0.3056640625
1 0.6806640625 0.853515625 0.064453125 0.189453125
1 0.845703125 0.794921875 0.072265625 0.15234375
1 0.2431640625 0.240234375 0.0263671875 0.107421875
1 0.248046875 0.2158203125 0.0380859375 0.1171875
1 0.1787109375 0.296875 0.0439453125 0.142578125
1 0.1337890625 0.3076171875 0.0361328125 0.1416015625