0 0.6865234375 0.5283203125 0.0185546875 0.0380859375
1 0.123046875 0.4443359375 0.0498046875 0.2177734375
1 0.0263671875 0.75 0.052734375 0.3046875
1 0.123046875 0.806640625 0.0771484375 0.259765625
1 0.7001953125 0.87890625 0.091796875 0.2421875
1 0.8916015625 0.76171875 0.078125 0.29296875
1 0.6708984375 0.7646484375 0.0771484375 0.2939453125
1 0.7919921875 0.5185546875 0.0654296875 0.2041015625
1 0.841796875 0.4365234375 0.0537109375 0.1787109375
1 0.8408203125 0.267578125 0.0419921875 0.123046875
1 0.9765625 0.3203125 0.046875 0.15625
1 0.599609375 0.3076171875 0.0390625 0.1484375
1 0.4423828125 0.2578125 0.0341796875 0.1298828125