0 0.658203125 0.4296875 0.0185546875 0.0341796875
1 0.0859375 0.4833984375 0.0693359375 0.1962890625
1 0.26953125 0.3203125 0.033203125 0.1591796875
1 0.2138671875 0.2587890625 0.0322265625 0.119140625
1 0.4404296875 0.3974609375 0.0419921875 0.1669921875
1 0.578125 0.4453125 0.060546875 0.16015625
1 0.5390625 0.3173828125 0.0419921875 0.1328125
1 0.6162109375 0.28515625 0.0400390625 0.087890625
1 0.5888671875 0.251953125 0.025390625 0.09765625
1 0.80078125 0.3642578125 0.04296875 0.1337890625
1 0.73046875 0.2802734375 0.0419921875 0.109375
1 0.66796875 0.65625 0.0439453125 0.2177734375
1 0.4638671875 0.7041015625 0.0595703125 0.26171875