0 0.595703125 0.5 0.0185546875 0.03515625
1 0.6611328125 0.6376953125 0.080078125 0.25390625
1 0.8740234375 0.7412109375 0.1064453125 0.2890625
1 0.8125 0.853515625 0.078125 0.29296875
1 0.54296875 0.8330078125 0.07421875 0.154296875
1 0.3916015625 0.7421875 0.0751953125 0.15234375
1 0.525390625 0.404296875 0.060546875 0.162109375
1 0.625 0.423828125 0.0498046875 0.1982421875
1 0.59765625 0.3544921875 0.0361328125 0.1630859375
1 0.6025390625 0.2763671875 0.044921875 0.1337890625
1 0.6435546875 0.2080078125 0.033203125 0.111328125
1 0.5517578125 0.2666015625 0.03125 0.126953125
1 0.5283203125 0.337890625 0.05078125 0.1376953125
1 0.4931640625 0.265625 0.0390625 0.1103515625
1 0.326171875 0.21875 0.0283203125 0.130859375