0 0.3134765625 0.3271484375 0.009765625 0.0185546875
1 0.3603515625 0.4423828125 0.0576171875 0.1494140625
1 0.515625 0.390625 0.0361328125 0.1435546875
1 0.7216796875 0.3955078125 0.0361328125 0.1337890625
1 0.6962890625 0.33984375 0.0224609375 0.1337890625
1 0.7783203125 0.3056640625 0.0302734375 0.1259765625
1 0.6162109375 0.75390625 0.0576171875 0.26953125
1 0.75390625 0.724609375 0.05078125 0.2138671875
1 0.4296875 0.3134765625 0.0322265625 0.134765625
1 0.310546875 0.2958984375 0.037109375 0.072265625
1 0.4912109375 0.2802734375 0.0283203125 0.09375
1 0.509765625 0.2802734375 0.021484375 0.103515625