0 0.5078125 0.3427734375 0.013671875 0.0234375
1 0.482421875 0.3330078125 0.0595703125 0.0888671875
1 0.5380859375 0.3125 0.0478515625 0.12890625
1 0.6484375 0.3916015625 0.0458984375 0.16015625
1 0.7314453125 0.4365234375 0.03125 0.18359375
1 0.873046875 0.703125 0.05078125 0.2607421875
1 0.7705078125 0.271484375 0.0263671875 0.134765625
1 0.396484375 0.267578125 0.0419921875 0.111328125
1 0.4365234375 0.431640625 0.0439453125 0.1513671875
1 0.23828125 0.435546875 0.0546875 0.1689453125
1 0.0625 0.451171875 0.0517578125 0.19921875