1 0.134765625 0.509765625 0.0341796875 0.1181640625
1 0.166015625 0.607421875 0.0234375 0.1591796875
1 0.2685546875 0.521484375 0.0224609375 0.1015625
1 0.41015625 0.552734375 0.037109375 0.1416015625
1 0.4375 0.4716796875 0.029296875 0.0849609375
1 0.4599609375 0.4580078125 0.017578125 0.0810546875
1 0.6015625 0.625 0.0302734375 0.1689453125
1 0.6962890625 0.5546875 0.029296875 0.1318359375
1 0.935546875 0.591796875 0.0361328125 0.1689453125
0 0.4560546875 0.5087890625 0.009765625 0.01953125
1 0.3154296875 0.880859375 0.052734375 0.228515625