0 0.46875 0.4658203125 0.0166015625 0.029296875
1 0.4677734375 0.380859375 0.0322265625 0.1064453125
1 0.5068359375 0.41015625 0.03515625 0.1181640625
1 0.5009765625 0.35546875 0.037109375 0.1015625
1 0.3427734375 0.4599609375 0.03515625 0.1259765625
1 0.982421875 0.4228515625 0.0322265625 0.1455078125
1 0.7529296875 0.4248046875 0.0283203125 0.1318359375
1 0.5458984375 0.5751953125 0.0341796875 0.1728515625
1 0.103515625 0.486328125 0.0361328125 0.166015625
1 0.2451171875 0.6982421875 0.04296875 0.2490234375
1 0.353515625 0.873046875 0.09375 0.2529296875