0 0.099609375 0.4619140625 0.0185546875 0.03515625
1 0.49609375 0.3935546875 0.0537109375 0.169921875
1 0.552734375 0.427734375 0.0380859375 0.185546875
1 0.583984375 0.2861328125 0.0322265625 0.1318359375
1 0.5185546875 0.228515625 0.0341796875 0.1298828125
1 0.1533203125 0.279296875 0.0263671875 0.1416015625
1 0.064453125 0.4130859375 0.0341796875 0.19921875
1 0.529296875 0.8759765625 0.0849609375 0.2470703125
1 0.966796875 0.416015625 0.0478515625 0.1806640625
1 0.9189453125 0.310546875 0.033203125 0.138671875
1 0.8525390625 0.2783203125 0.0341796875 0.1337890625
1 0.0126953125 0.7607421875 0.0244140625 0.26953125