0 0.857421875 0.3896484375 0.0126953125 0.0224609375
1 0.4052734375 0.4423828125 0.0341796875 0.1494140625
1 0.6318359375 0.3212890625 0.0380859375 0.11328125
1 0.7431640625 0.2890625 0.025390625 0.103515625
1 0.3828125 0.8466796875 0.0517578125 0.29296875
1 0.7841796875 0.419921875 0.0400390625 0.1474609375
1 0.78515625 0.3408203125 0.0224609375 0.06640625
1 0.796875 0.322265625 0.0205078125 0.1171875
1 0.7958984375 0.2822265625 0.0224609375 0.0654296875
1 0.8251953125 0.3525390625 0.03125 0.1220703125
1 0.876953125 0.361328125 0.0380859375 0.08203125
1 0.8720703125 0.3095703125 0.02734375 0.1044921875