0 0.666015625 0.333984375 0.0146484375 0.025390625
1 0.4091796875 0.330078125 0.0380859375 0.1494140625
1 0.2275390625 0.4384765625 0.0419921875 0.1845703125
1 0.3623046875 0.8759765625 0.060546875 0.248046875
1 0.6259765625 0.849609375 0.0703125 0.1533203125
1 0.8076171875 0.666015625 0.0419921875 0.244140625
1 0.7900390625 0.3740234375 0.0400390625 0.1650390625
1 0.703125 0.2822265625 0.0517578125 0.1318359375
1 0.3798828125 0.2109375 0.0263671875 0.10546875
1 0.306640625 0.2509765625 0.03125 0.1103515625
1 0.0830078125 0.2607421875 0.0361328125 0.119140625
1 0.0478515625 0.287109375 0.02734375 0.1259765625