0 0.634765625 0.291015625 0.0166015625 0.0224609375
1 0.0888671875 0.3486328125 0.0439453125 0.150390625
1 0.4208984375 0.900390625 0.0673828125 0.19921875
1 0.9345703125 0.736328125 0.0546875 0.2822265625
1 0.8876953125 0.3984375 0.048828125 0.1923828125
1 0.87890625 0.271484375 0.03125 0.125
1 0.470703125 0.232421875 0.0234375 0.0927734375
1 0.482421875 0.2158203125 0.029296875 0.1162109375
1 0.30859375 0.408203125 0.0458984375 0.169921875
1 0.2861328125 0.330078125 0.033203125 0.15234375
1 0.2099609375 0.3017578125 0.052734375 0.1181640625
1 0.19921875 0.2763671875 0.0302734375 0.115234375