0 0.650390625 0.5498046875 0.0205078125 0.04296875
1 0.474609375 0.2451171875 0.029296875 0.1376953125
1 0.828125 0.251953125 0.033203125 0.1474609375
1 0.69140625 0.4951171875 0.0537109375 0.23828125
1 0.7177734375 0.8427734375 0.0830078125 0.2958984375
1 0.181640625 0.7412109375 0.0791015625 0.236328125
1 0.107421875 0.392578125 0.05859375 0.1806640625
1 0.1396484375 0.28515625 0.044921875 0.1337890625
1 0.2763671875 0.2060546875 0.0341796875 0.1162109375
1 0.390625 0.16796875 0.03125 0.125
1 0.087890625 0.25390625 0.04296875 0.140625
1 0.0166015625 0.416015625 0.0322265625 0.2041015625