1 0.796875 0.43359375 0.0302734375 0.1220703125
1 0.806640625 0.3955078125 0.0185546875 0.0908203125
1 0.7861328125 0.3916015625 0.017578125 0.1123046875
1 0.7333984375 0.34765625 0.0185546875 0.0927734375
1 0.748046875 0.359375 0.021484375 0.08984375
1 0.8603515625 0.404296875 0.01953125 0.1171875
1 0.6806640625 0.38671875 0.0302734375 0.1103515625
1 0.4501953125 0.5078125 0.0283203125 0.146484375
1 0.3662109375 0.859375 0.0458984375 0.28125
1 0.75390625 0.443359375 0.03125 0.138671875
1 0.833984375 0.3720703125 0.0234375 0.1083984375