0 0.5419921875 0.4658203125 0.01171875 0.0185546875
1 0.2626953125 0.677734375 0.05078125 0.2001953125
1 0.333984375 0.93359375 0.0703125 0.1328125
1 0.7333984375 0.5185546875 0.0419921875 0.1572265625
1 0.9208984375 0.431640625 0.0244140625 0.1259765625
1 0.837890625 0.3759765625 0.0234375 0.1083984375
1 0.70703125 0.4921875 0.0302734375 0.13671875
1 0.642578125 0.5078125 0.046875 0.1513671875
1 0.58984375 0.4462890625 0.0361328125 0.1171875
1 0.474609375 0.43359375 0.0341796875 0.1123046875
1 0.5283203125 0.4609375 0.0341796875 0.12109375
1 0.5361328125 0.4248046875 0.0263671875 0.0966796875