0 0.634765625 0.4013671875 0.013671875 0.0234375
1 0.794921875 0.39453125 0.0439453125 0.1435546875
1 0.62109375 0.3369140625 0.0390625 0.1181640625
1 0.60546875 0.4521484375 0.0615234375 0.14453125
1 0.5283203125 0.4228515625 0.0576171875 0.119140625
1 0.482421875 0.375 0.044921875 0.1279296875
1 0.4150390625 0.3388671875 0.0283203125 0.125
1 0.36328125 0.3876953125 0.0283203125 0.130859375
1 0.31640625 0.3525390625 0.025390625 0.138671875
1 0.3818359375 0.2978515625 0.01953125 0.1123046875
1 0.314453125 0.740234375 0.0341796875 0.2080078125
1 0.431640625 0.72265625 0.037109375 0.2783203125
1 0.5673828125 0.837890625 0.0771484375 0.2744140625