0 0.65625 0.3193359375 0.0166015625 0.029296875
1 0.1611328125 0.5048828125 0.07421875 0.2197265625
1 0.1142578125 0.36328125 0.0400390625 0.173828125
1 0.255859375 0.4287109375 0.046875 0.189453125
1 0.3388671875 0.3095703125 0.0390625 0.1416015625
1 0.3798828125 0.3046875 0.03125 0.154296875
1 0.412109375 0.2724609375 0.029296875 0.1064453125
1 0.4833984375 0.197265625 0.0224609375 0.1181640625
1 0.814453125 0.326171875 0.041015625 0.15625
1 0.875 0.20703125 0.029296875 0.123046875
1 0.5537109375 0.8408203125 0.07421875 0.3076171875
1 0.0537109375 0.830078125 0.091796875 0.21484375