0 0.4345703125 0.380859375 0.0185546875 0.03125
1 0.2265625 0.494140625 0.05859375 0.1796875
1 0.01171875 0.3916015625 0.0234375 0.150390625
1 0.392578125 0.36328125 0.037109375 0.1064453125
1 0.44921875 0.52734375 0.037109375 0.1953125
1 0.6171875 0.41015625 0.033203125 0.150390625
1 0.685546875 0.7119140625 0.05859375 0.2421875
1 0.8125 0.5478515625 0.0458984375 0.193359375
1 0.8330078125 0.4267578125 0.0322265625 0.126953125
1 0.9833984375 0.4736328125 0.033203125 0.150390625
1 0.10546875 0.890625 0.095703125 0.2177734375
1 0.572265625 0.92578125 0.0830078125 0.1484375