0 0.4111328125 0.4833984375 0.0126953125 0.0224609375
1 0.1123046875 0.6572265625 0.05859375 0.2197265625
1 0.15625 0.474609375 0.0322265625 0.1494140625
1 0.203125 0.427734375 0.0244140625 0.1318359375
1 0.2958984375 0.5478515625 0.029296875 0.1552734375
1 0.3134765625 0.427734375 0.0263671875 0.1259765625
1 0.421875 0.4423828125 0.0341796875 0.119140625
1 0.5146484375 0.427734375 0.0234375 0.103515625
1 0.7255859375 0.396484375 0.0224609375 0.109375
1 0.8740234375 0.7265625 0.0546875 0.2265625
1 0.93359375 0.748046875 0.0517578125 0.2421875