0 0.7138671875 0.5146484375 0.017578125 0.03125
1 0.66015625 0.4921875 0.0419921875 0.15625
1 0.640625 0.4765625 0.0517578125 0.1376953125
1 0.5732421875 0.421875 0.048828125 0.1201171875
1 0.5732421875 0.6181640625 0.052734375 0.19140625
1 0.7744140625 0.7138671875 0.068359375 0.2685546875
1 0.900390625 0.4443359375 0.037109375 0.1533203125
1 0.73046875 0.3515625 0.0302734375 0.11328125
1 0.1337890625 0.4267578125 0.025390625 0.1279296875
1 0.056640625 0.4423828125 0.0419921875 0.1416015625
1 0.3681640625 0.90234375 0.060546875 0.1953125