0 0.462890625 0.271484375 0.013671875 0.01953125
1 0.1396484375 0.3916015625 0.044921875 0.1630859375
1 0.224609375 0.3876953125 0.0439453125 0.169921875
1 0.380859375 0.3828125 0.0380859375 0.158203125
1 0.41015625 0.8701171875 0.080078125 0.2587890625
1 0.900390625 0.6806640625 0.046875 0.2509765625
1 0.7939453125 0.421875 0.0400390625 0.181640625
1 0.8310546875 0.25390625 0.0283203125 0.1240234375
1 0.5556640625 0.384765625 0.0478515625 0.1630859375
1 0.5302734375 0.2939453125 0.048828125 0.1005859375
1 0.49609375 0.306640625 0.048828125 0.1259765625
1 0.443359375 0.2392578125 0.03515625 0.103515625
1 0.69140625 0.87890625 0.0751953125 0.158203125
1 0.861328125 0.8232421875 0.064453125 0.13671875