0 0.60546875 0.2861328125 0.0107421875 0.015625
1 0.4052734375 0.7744140625 0.0830078125 0.2587890625
1 0.7236328125 0.76171875 0.048828125 0.2265625
1 0.5400390625 0.40625 0.0322265625 0.158203125
1 0.5322265625 0.3701171875 0.0263671875 0.123046875
1 0.6318359375 0.294921875 0.0205078125 0.1201171875
1 0.7294921875 0.3134765625 0.0224609375 0.119140625
1 0.5634765625 0.2724609375 0.025390625 0.06640625
1 0.4404296875 0.3486328125 0.0205078125 0.125
1 0.306640625 0.33203125 0.021484375 0.1357421875
1 0.03125 0.595703125 0.0625 0.21875