0 0.6376953125 0.6357421875 0.017578125 0.025390625
1 0.66015625 0.6376953125 0.068359375 0.158203125
1 0.259765625 0.525390625 0.03125 0.142578125
1 0.22265625 0.48828125 0.029296875 0.1259765625
1 0.740234375 0.6005859375 0.0419921875 0.1669921875
1 0.62890625 0.4833984375 0.0390625 0.103515625
1 0.509765625 0.541015625 0.04296875 0.1201171875
1 0.900390625 0.556640625 0.0380859375 0.142578125
1 0.8720703125 0.5166015625 0.0380859375 0.12109375
1 0.3408203125 0.880859375 0.0595703125 0.23828125
1 0.2412109375 0.8955078125 0.04296875 0.208984375
1 0.255859375 0.8798828125 0.046875 0.240234375