0 0.5419921875 0.443359375 0.01171875 0.0185546875
1 0.2646484375 0.654296875 0.05078125 0.19921875
1 0.3349609375 0.9208984375 0.0693359375 0.158203125
1 0.732421875 0.49609375 0.0419921875 0.15625
1 0.9189453125 0.4091796875 0.0244140625 0.125
1 0.8359375 0.3544921875 0.0234375 0.1083984375
1 0.7060546875 0.4697265625 0.0302734375 0.1357421875
1 0.6416015625 0.4853515625 0.0458984375 0.150390625
1 0.58984375 0.423828125 0.03515625 0.1162109375
1 0.474609375 0.4111328125 0.0341796875 0.111328125
1 0.5283203125 0.4384765625 0.0341796875 0.1201171875
1 0.5361328125 0.40234375 0.0263671875 0.0966796875