0 0.5625 0.3564453125 0.015625 0.017578125
1 0.6123046875 0.412109375 0.0439453125 0.1484375
1 0.7119140625 0.373046875 0.0283203125 0.1298828125
1 0.5 0.302734375 0.021484375 0.0830078125
1 0.4833984375 0.3212890625 0.0224609375 0.11328125
1 0.427734375 0.2900390625 0.025390625 0.0869140625
1 0.41796875 0.333984375 0.0263671875 0.123046875
1 0.34765625 0.333984375 0.0205078125 0.1201171875
1 0.26171875 0.361328125 0.0390625 0.11328125
1 0.263671875 0.2939453125 0.0244140625 0.0634765625
1 0.2861328125 0.759765625 0.0615234375 0.234375
1 0.54296875 0.8203125 0.06640625 0.2783203125