1 0.76171875 0.5859375 0.0341796875 0.1328125
1 0.8154296875 0.626953125 0.04296875 0.15625
1 0.8818359375 0.517578125 0.03125 0.123046875
1 0.5673828125 0.5517578125 0.033203125 0.1337890625
1 0.419921875 0.619140625 0.0361328125 0.1669921875
1 0.3642578125 0.5400390625 0.03125 0.134765625
1 0.1748046875 0.5546875 0.029296875 0.14453125
1 0.63671875 0.5166015625 0.0224609375 0.119140625
1 0.662109375 0.513671875 0.0234375 0.115234375
0 0.6875 0.595703125 0.017578125 0.0283203125
1 0.595703125 0.8857421875 0.0556640625 0.228515625
1 0.6318359375 0.953125 0.064453125 0.09375