0 0.58203125 0.587890625 0.01953125 0.0390625
1 0.302734375 0.708984375 0.0625 0.279296875
1 0.3515625 0.8369140625 0.0703125 0.3203125
1 0.6083984375 0.8486328125 0.0771484375 0.16796875
1 0.5078125 0.638671875 0.0556640625 0.240234375
1 0.5537109375 0.517578125 0.080078125 0.1806640625
1 0.51171875 0.4521484375 0.0703125 0.166015625
1 0.45703125 0.23828125 0.0341796875 0.1064453125
1 0.5703125 0.265625 0.0322265625 0.1220703125
1 0.2265625 0.296875 0.0400390625 0.15625
1 0.1103515625 0.2744140625 0.0341796875 0.134765625
1 0.830078125 0.255859375 0.0400390625 0.1318359375
1 0.7646484375 0.791015625 0.07421875 0.1416015625