0 0.412109375 0.3095703125 0.0126953125 0.029296875
1 0.16015625 0.427734375 0.046875 0.1796875
1 0.439453125 0.591796875 0.0478515625 0.25
1 0.720703125 0.8310546875 0.060546875 0.2890625
1 0.2265625 0.9013671875 0.07421875 0.1962890625
1 0.4423828125 0.291015625 0.0263671875 0.1318359375
1 0.5185546875 0.2958984375 0.0361328125 0.1083984375
1 0.587890625 0.2587890625 0.033203125 0.1005859375
1 0.6298828125 0.3134765625 0.03125 0.14453125
1 0.6572265625 0.33203125 0.0263671875 0.154296875
1 0.7314453125 0.30859375 0.0302734375 0.1357421875