0 0.6962890625 0.240234375 0.0146484375 0.0205078125
1 0.71484375 0.24609375 0.03125 0.1513671875
1 0.5517578125 0.1982421875 0.029296875 0.11328125
1 0.470703125 0.240234375 0.033203125 0.1484375
1 0.3779296875 0.6796875 0.0517578125 0.2880859375
1 0.1904296875 0.6640625 0.0673828125 0.2373046875
1 0.728515625 0.92578125 0.083984375 0.1484375
1 0.3564453125 0.90625 0.0703125 0.1748046875
1 0.1865234375 0.833984375 0.0849609375 0.177734375
1 0.09375 0.2998046875 0.0322265625 0.15234375
1 0.150390625 0.2138671875 0.0302734375 0.130859375
1 0.255859375 0.2890625 0.03125 0.15625
1 0.2841796875 0.2626953125 0.0302734375 0.1171875
1 0.2783203125 0.248046875 0.0234375 0.1259765625
1 0.2919921875 0.21875 0.021484375 0.119140625