0 0.2705078125 0.283203125 0.015625 0.0302734375
1 0.9130859375 0.466796875 0.0537109375 0.1728515625
1 0.744140625 0.30078125 0.0341796875 0.1328125
1 0.7060546875 0.3017578125 0.0341796875 0.138671875
1 0.6591796875 0.2548828125 0.02734375 0.12109375
1 0.673828125 0.2158203125 0.0263671875 0.1201171875
1 0.24609375 0.2392578125 0.0302734375 0.125
1 0.119140625 0.361328125 0.037109375 0.18359375
1 0.4609375 0.8564453125 0.0693359375 0.287109375
1 0.966796875 0.8681640625 0.0654296875 0.2509765625
1 0.1728515625 0.9208984375 0.0859375 0.158203125