0 0.7841796875 0.5537109375 0.0146484375 0.0263671875
1 0.794921875 0.4912109375 0.046875 0.1435546875
1 0.533203125 0.640625 0.0537109375 0.173828125
1 0.54296875 0.5263671875 0.0498046875 0.1474609375
1 0.5595703125 0.453125 0.0302734375 0.0966796875
1 0.6943359375 0.716796875 0.046875 0.2412109375
1 0.45703125 0.525390625 0.052734375 0.1455078125
1 0.119140625 0.462890625 0.03125 0.119140625
1 0.08203125 0.4599609375 0.0400390625 0.123046875
1 0.6474609375 0.3974609375 0.0244140625 0.109375
1 0.3154296875 0.9111328125 0.0615234375 0.177734375