0 0.505859375 0.3662109375 0.01171875 0.01953125
1 0.4345703125 0.3798828125 0.0263671875 0.1328125
1 0.47265625 0.392578125 0.02734375 0.1171875
1 0.517578125 0.3232421875 0.02734375 0.0986328125
1 0.5869140625 0.3701171875 0.0322265625 0.1376953125
1 0.6298828125 0.39453125 0.03515625 0.146484375
1 0.68359375 0.408203125 0.0458984375 0.11328125
1 0.6640625 0.3740234375 0.0478515625 0.1298828125
1 0.2958984375 0.7880859375 0.099609375 0.2890625
1 0.6552734375 0.8662109375 0.060546875 0.267578125
1 0.0087890625 0.609375 0.017578125 0.2099609375