0 0.33203125 0.3408203125 0.0146484375 0.02734375
1 0.353515625 0.4375 0.0546875 0.146484375
1 0.3232421875 0.3056640625 0.037109375 0.080078125
1 0.4140625 0.328125 0.041015625 0.1318359375
1 0.5322265625 0.388671875 0.029296875 0.150390625
1 0.5654296875 0.2861328125 0.0244140625 0.0986328125
1 0.5478515625 0.2958984375 0.033203125 0.111328125
1 0.712890625 0.357421875 0.0322265625 0.1416015625
1 0.8154296875 0.4287109375 0.0390625 0.1591796875
1 0.62109375 0.7763671875 0.064453125 0.2783203125
1 0.7802734375 0.7548828125 0.05859375 0.212890625
1 0.6103515625 0.94140625 0.0830078125 0.1171875
1 0.78125 0.8994140625 0.080078125 0.17578125
1 0.80078125 0.3125 0.025390625 0.11328125