1 0.2724609375 0.564453125 0.0361328125 0.111328125
1 0.23828125 0.6220703125 0.0390625 0.1669921875
1 0.03125 0.5419921875 0.03515625 0.15234375
1 0.4150390625 0.5732421875 0.0537109375 0.150390625
1 0.587890625 0.666015625 0.0380859375 0.1923828125
1 0.5380859375 0.6591796875 0.0595703125 0.1826171875
1 0.5478515625 0.5556640625 0.0576171875 0.1083984375
1 0.4765625 0.5078125 0.0205078125 0.1240234375
1 0.498046875 0.509765625 0.0322265625 0.130859375
0 0.400390625 0.6103515625 0.01171875 0.0205078125
1 0.4375 0.9248046875 0.072265625 0.1494140625
1 0.2900390625 0.9716796875 0.0576171875 0.0556640625