0 0.5869140625 0.259765625 0.017578125 0.0205078125
1 0.232421875 0.423828125 0.0556640625 0.1865234375
1 0.26171875 0.3515625 0.0400390625 0.1640625
1 0.11328125 0.2734375 0.0361328125 0.1396484375
1 0.185546875 0.74609375 0.0771484375 0.2890625
1 0.3779296875 0.744140625 0.0791015625 0.240234375
1 0.9248046875 0.869140625 0.0859375 0.2607421875
1 0.041015625 0.7470703125 0.0673828125 0.2314453125
1 0.3271484375 0.2900390625 0.029296875 0.146484375
1 0.4873046875 0.259765625 0.0244140625 0.1083984375
1 0.498046875 0.2216796875 0.017578125 0.087890625
1 0.5546875 0.2001953125 0.0419921875 0.107421875
1 0.6884765625 0.23828125 0.0283203125 0.1328125
1 0.7109375 0.2490234375 0.0322265625 0.1220703125