0 0.3544921875 0.2607421875 0.015625 0.02734375
1 0.2119140625 0.24609375 0.04296875 0.14453125
1 0.373046875 0.2158203125 0.0283203125 0.12109375
1 0.099609375 0.501953125 0.0478515625 0.224609375
1 0.3125 0.6640625 0.0615234375 0.30078125
1 0.4375 0.6025390625 0.0478515625 0.3134765625
1 0.544921875 0.6181640625 0.0390625 0.2685546875
1 0.4892578125 0.3271484375 0.041015625 0.1689453125
1 0.447265625 0.2607421875 0.0302734375 0.1533203125
1 0.7373046875 0.296875 0.0322265625 0.17578125
1 0.8349609375 0.2578125 0.0322265625 0.138671875
1 0.9091796875 0.4677734375 0.0546875 0.220703125
1 0.869140625 0.92578125 0.068359375 0.1484375