0 0.3798828125 0.4931640625 0.0166015625 0.0263671875
1 0.505859375 0.6455078125 0.041015625 0.17578125
1 0.5380859375 0.5205078125 0.0341796875 0.1435546875
1 0.56640625 0.5146484375 0.0380859375 0.1279296875
1 0.5205078125 0.466796875 0.0234375 0.1025390625
1 0.4609375 0.4140625 0.029296875 0.109375
1 0.265625 0.4814453125 0.03515625 0.1416015625
1 0.1982421875 0.6982421875 0.052734375 0.2275390625
1 0.830078125 0.4697265625 0.025390625 0.1337890625
1 0.8564453125 0.48046875 0.0380859375 0.12890625
1 0.6044921875 0.9345703125 0.052734375 0.130859375