0 0.1904296875 0.4599609375 0.0146484375 0.0302734375
1 0.5849609375 0.265625 0.0283203125 0.099609375
1 0.4130859375 0.4375 0.048828125 0.1591796875
1 0.1357421875 0.42578125 0.037109375 0.15234375
1 0.265625 0.353515625 0.0361328125 0.13671875
1 0.6357421875 0.3349609375 0.03125 0.109375
1 0.654296875 0.373046875 0.0439453125 0.1318359375
1 0.73828125 0.41015625 0.03125 0.1650390625
1 0.794921875 0.61328125 0.0576171875 0.197265625
1 0.6708984375 0.6318359375 0.0625 0.220703125
1 0.6845703125 0.8037109375 0.0673828125 0.2841796875
1 0.771484375 0.8466796875 0.08203125 0.2880859375
1 0.7373046875 0.9052734375 0.0546875 0.1845703125
1 0.5283203125 0.935546875 0.07421875 0.12890625
1 0.3740234375 0.845703125 0.072265625 0.138671875