1 0.748046875 0.568359375 0.0361328125 0.138671875
1 0.8046875 0.6103515625 0.044921875 0.1640625
1 0.875 0.49609375 0.033203125 0.12890625
1 0.544921875 0.5322265625 0.03515625 0.1396484375
1 0.390625 0.6025390625 0.0380859375 0.17578125
1 0.3310546875 0.51953125 0.0322265625 0.1416015625
1 0.1328125 0.5341796875 0.03125 0.1513671875
1 0.6171875 0.494140625 0.0234375 0.125
1 0.64453125 0.4912109375 0.0244140625 0.12109375
0 0.6708984375 0.578125 0.0185546875 0.029296875
1 0.57421875 0.880859375 0.0576171875 0.2373046875
1 0.6123046875 0.9521484375 0.06640625 0.095703125