0 0.5703125 0.3310546875 0.015625 0.0224609375
1 0.5830078125 0.43359375 0.02734375 0.1044921875
1 0.5556640625 0.4931640625 0.056640625 0.138671875
1 0.5283203125 0.5966796875 0.0625 0.1494140625
1 0.62890625 0.7314453125 0.0546875 0.25
1 0.65625 0.4970703125 0.037109375 0.12109375
1 0.65625 0.435546875 0.03515625 0.1162109375
1 0.0439453125 0.5576171875 0.041015625 0.154296875
1 0.1220703125 0.896484375 0.052734375 0.20703125
1 0.23828125 0.93359375 0.068359375 0.1328125
1 0.853515625 0.4560546875 0.033203125 0.1396484375