0 0.5546875 0.328125 0.0146484375 0.021484375
1 0.568359375 0.42578125 0.0263671875 0.099609375
1 0.541015625 0.4833984375 0.0546875 0.1328125
1 0.5146484375 0.58203125 0.0595703125 0.1435546875
1 0.611328125 0.7119140625 0.052734375 0.2392578125
1 0.6376953125 0.486328125 0.03515625 0.115234375
1 0.6376953125 0.427734375 0.033203125 0.111328125
1 0.05078125 0.544921875 0.0390625 0.1474609375
1 0.126953125 0.8857421875 0.0498046875 0.228515625
1 0.2373046875 0.9208984375 0.0654296875 0.158203125
1 0.8271484375 0.447265625 0.0322265625 0.1337890625