0 0.5078125 0.5859375 0.0166015625 0.0244140625
1 0.431640625 0.509765625 0.0439453125 0.1416015625
1 0.3427734375 0.720703125 0.0712890625 0.1953125
1 0.0791015625 0.501953125 0.0400390625 0.134765625
1 0.3330078125 0.3857421875 0.025390625 0.115234375
1 0.697265625 0.3642578125 0.033203125 0.0947265625
1 0.8583984375 0.3408203125 0.021484375 0.1015625
1 0.904296875 0.5087890625 0.0302734375 0.171875
1 0.72265625 0.5400390625 0.0263671875 0.1796875
1 0.6982421875 0.6552734375 0.0576171875 0.2119140625
1 0.6083984375 0.83984375 0.08203125 0.2451171875
1 0.498046875 0.5048828125 0.0419921875 0.1435546875