0 0.6357421875 0.3818359375 0.015625 0.025390625
1 0.794921875 0.4306640625 0.06640625 0.1708984375
1 0.8720703125 0.4150390625 0.0458984375 0.1533203125
1 0.412109375 0.3369140625 0.037109375 0.1396484375
1 0.439453125 0.2890625 0.0322265625 0.0927734375
1 0.3466796875 0.576171875 0.048828125 0.2392578125
1 0.29296875 0.427734375 0.046875 0.1787109375
1 0.09765625 0.3671875 0.0302734375 0.16015625
1 0.4365234375 0.7587890625 0.0576171875 0.283203125
1 0.3896484375 0.876953125 0.05859375 0.2451171875
1 0.21875 0.771484375 0.046875 0.2861328125