0 0.873046875 0.58203125 0.0146484375 0.0322265625
1 0.701171875 0.5244140625 0.052734375 0.140625
1 0.6875 0.501953125 0.025390625 0.1484375
1 0.181640625 0.4697265625 0.037109375 0.1240234375
1 0.0751953125 0.50390625 0.0400390625 0.14453125
1 0.3564453125 0.9033203125 0.05859375 0.1923828125
1 0.6337890625 0.654296875 0.046875 0.185546875
1 0.5341796875 0.4638671875 0.02734375 0.1181640625
1 0.724609375 0.392578125 0.0263671875 0.1123046875
1 0.9208984375 0.498046875 0.0322265625 0.146484375
1 0.7431640625 0.73046875 0.0615234375 0.2421875