1 0.5146484375 0.6728515625 0.03515625 0.1826171875
1 0.34765625 0.5009765625 0.02734375 0.1025390625
1 0.240234375 0.7587890625 0.05078125 0.2255859375
1 0.1201171875 0.62109375 0.0439453125 0.1591796875
1 0.4462890625 0.490234375 0.0283203125 0.0966796875
1 0.46875 0.4833984375 0.021484375 0.0888671875
1 0.6875 0.4833984375 0.03125 0.1025390625
1 0.892578125 0.533203125 0.03125 0.1279296875
0 0.4013671875 0.5078125 0.0166015625 0.01953125
1 0.3779296875 0.9208984375 0.033203125 0.1572265625
1 0.453125 0.9375 0.0634765625 0.125
1 0.94921875 0.8798828125 0.060546875 0.21875