0 0.3330078125 0.3349609375 0.015625 0.0263671875
1 0.5224609375 0.392578125 0.0322265625 0.166015625
1 0.748046875 0.3564453125 0.02734375 0.1533203125
1 0.814453125 0.392578125 0.0390625 0.1494140625
1 0.98828125 0.3173828125 0.0205078125 0.130859375
1 0.6435546875 0.724609375 0.0419921875 0.267578125
1 0.46484375 0.857421875 0.05859375 0.283203125
1 0.4443359375 0.73046875 0.0478515625 0.265625
1 0.341796875 0.513671875 0.0478515625 0.2099609375
1 0.1328125 0.3896484375 0.0458984375 0.1611328125
1 0.1953125 0.3203125 0.0673828125 0.1044921875
1 0.2177734375 0.3046875 0.0244140625 0.1142578125
1 0.19140625 0.318359375 0.0322265625 0.0634765625