0 0.560546875 0.291015625 0.0126953125 0.021484375
1 0.3642578125 0.3876953125 0.0517578125 0.1630859375
1 0.216796875 0.7255859375 0.0830078125 0.2626953125
1 0.091796875 0.693359375 0.08203125 0.296875
1 0.4228515625 0.2890625 0.0478515625 0.130859375
1 0.466796875 0.2626953125 0.02734375 0.119140625
1 0.544921875 0.25 0.03125 0.1064453125
1 0.68359375 0.396484375 0.03125 0.1826171875
1 0.75390625 0.306640625 0.0400390625 0.115234375
1 0.7998046875 0.310546875 0.0341796875 0.130859375
1 0.7294921875 0.248046875 0.0244140625 0.1142578125
1 0.9345703125 0.7666015625 0.0400390625 0.2998046875
1 0.7607421875 0.7548828125 0.056640625 0.3037109375
1 0.7783203125 0.8525390625 0.0634765625 0.294921875