0 0.353515625 0.65234375 0.0185546875 0.029296875
1 0.3037109375 0.5869140625 0.0400390625 0.1689453125
1 0.3388671875 0.55859375 0.044921875 0.1435546875
1 0.57421875 0.5986328125 0.0361328125 0.17578125
1 0.548828125 0.5634765625 0.037109375 0.1337890625
1 0.458984375 0.4912109375 0.0322265625 0.125
1 0.5859375 0.458984375 0.0244140625 0.1142578125
1 0.7529296875 0.4755859375 0.0419921875 0.1240234375
1 0.8056640625 0.5185546875 0.0390625 0.13671875
1 0.6083984375 0.873046875 0.0576171875 0.25390625
1 0.4697265625 0.8818359375 0.0341796875 0.234375