0 0.8408203125 0.6689453125 0.0185546875 0.0322265625
1 0.875 0.658203125 0.05859375 0.2080078125
1 0.1923828125 0.4384765625 0.0322265625 0.1220703125
1 0.2021484375 0.4072265625 0.041015625 0.11328125
1 0.4287109375 0.47265625 0.0302734375 0.1376953125
1 0.3701171875 0.4599609375 0.033203125 0.1435546875
1 0.869140625 0.455078125 0.04296875 0.140625
1 0.3125 0.919921875 0.0703125 0.16015625
1 0.70703125 0.6201171875 0.0537109375 0.177734375
1 0.615234375 0.3798828125 0.0244140625 0.1220703125
1 0.474609375 0.41796875 0.0283203125 0.1083984375