0 0.509765625 0.599609375 0.017578125 0.029296875
1 0.4990234375 0.5576171875 0.0595703125 0.1435546875
1 0.431640625 0.3330078125 0.0322265625 0.1201171875
1 0.1884765625 0.4287109375 0.037109375 0.1396484375
1 0.533203125 0.537109375 0.060546875 0.1572265625
1 0.52734375 0.501953125 0.0341796875 0.146484375
1 0.7509765625 0.4755859375 0.02734375 0.16796875
1 0.736328125 0.634765625 0.0517578125 0.22265625
1 0.7373046875 0.7705078125 0.0439453125 0.2626953125
1 0.859375 0.3369140625 0.0380859375 0.1220703125
1 0.9453125 0.408203125 0.0400390625 0.134765625
1 0.94921875 0.29296875 0.02734375 0.1103515625