0 0.66015625 0.294921875 0.0166015625 0.0283203125
1 0.4580078125 0.357421875 0.0341796875 0.1767578125
1 0.2177734375 0.318359375 0.029296875 0.1630859375
1 0.1474609375 0.3564453125 0.0419921875 0.16015625
1 0.328125 0.7109375 0.044921875 0.28515625
1 0.51953125 0.8505859375 0.0625 0.298828125
1 0.541015625 0.716796875 0.05078125 0.2841796875
1 0.6513671875 0.486328125 0.0517578125 0.2236328125
1 0.8740234375 0.3544921875 0.048828125 0.171875
1 0.8076171875 0.279296875 0.072265625 0.111328125
1 0.783203125 0.263671875 0.0263671875 0.1220703125
1 0.810546875 0.27734375 0.0341796875 0.0673828125