1 0.1572265625 0.8037109375 0.052734375 0.2587890625
1 0.6083984375 0.6279296875 0.0419921875 0.185546875
1 0.7138671875 0.4921875 0.046875 0.115234375
1 0.873046875 0.49609375 0.052734375 0.1181640625
1 0.8408203125 0.591796875 0.0341796875 0.1611328125
1 0.8076171875 0.6318359375 0.0419921875 0.1669921875
0 0.8369140625 0.64453125 0.009765625 0.0224609375
1 0.29296875 0.5625 0.0283203125 0.1591796875
1 0.3056640625 0.5146484375 0.0322265625 0.1181640625
1 0.8818359375 0.8642578125 0.068359375 0.220703125
1 0.8603515625 0.93359375 0.0439453125 0.1318359375
1 0.3447265625 0.9052734375 0.05859375 0.181640625
1 0.310546875 0.951171875 0.04296875 0.09765625