0 0.541015625 0.5107421875 0.017578125 0.0341796875
1 0.6865234375 0.44140625 0.06640625 0.1611328125
1 0.6025390625 0.3564453125 0.0341796875 0.1474609375
1 0.5234375 0.2099609375 0.033203125 0.109375
1 0.4150390625 0.2373046875 0.0361328125 0.107421875
1 0.2607421875 0.349609375 0.041015625 0.1513671875
1 0.2607421875 0.279296875 0.029296875 0.12109375
1 0.2353515625 0.2421875 0.0361328125 0.1181640625
1 0.0615234375 0.390625 0.04296875 0.1689453125
1 0.2744140625 0.630859375 0.0673828125 0.2216796875
1 0.3583984375 0.712890625 0.0654296875 0.208984375
1 0.8740234375 0.873046875 0.0771484375 0.25390625
1 0.2109375 0.7197265625 0.0703125 0.2255859375
1 0.1123046875 0.7607421875 0.0771484375 0.2744140625
1 0.03515625 0.27734375 0.037109375 0.1298828125