0 0.3212890625 0.3779296875 0.013671875 0.0205078125
1 0.0859375 0.400390625 0.046875 0.138671875
1 0.46484375 0.44140625 0.0361328125 0.1416015625
1 0.416015625 0.3037109375 0.0205078125 0.107421875
1 0.5087890625 0.3486328125 0.033203125 0.1171875
1 0.5537109375 0.412109375 0.03125 0.1455078125
1 0.6103515625 0.37109375 0.025390625 0.125
1 0.587890625 0.3349609375 0.033203125 0.1181640625
1 0.6640625 0.3515625 0.0322265625 0.1064453125
1 0.6982421875 0.35546875 0.01953125 0.126953125
1 0.873046875 0.3388671875 0.0234375 0.1220703125
1 0.833984375 0.76171875 0.0625 0.228515625
1 0.6884765625 0.7880859375 0.0576171875 0.271484375