0 0.3154296875 0.3525390625 0.0146484375 0.0224609375
1 0.06640625 0.375 0.048828125 0.146484375
1 0.466796875 0.4189453125 0.0380859375 0.1494140625
1 0.4150390625 0.2734375 0.021484375 0.11328125
1 0.513671875 0.3203125 0.03515625 0.123046875
1 0.560546875 0.3876953125 0.033203125 0.1533203125
1 0.6201171875 0.3447265625 0.0263671875 0.1318359375
1 0.5966796875 0.306640625 0.03515625 0.125
1 0.6767578125 0.3232421875 0.033203125 0.1123046875
1 0.712890625 0.328125 0.0205078125 0.1337890625
1 0.8974609375 0.310546875 0.0244140625 0.1279296875
1 0.8564453125 0.755859375 0.06640625 0.240234375
1 0.7021484375 0.7841796875 0.060546875 0.2861328125