0 0.5 0.3388671875 0.013671875 0.025390625
1 0.7333984375 0.2939453125 0.0322265625 0.1435546875
1 0.916015625 0.3447265625 0.0380859375 0.158203125
1 0.6328125 0.693359375 0.0625 0.26953125
1 0.431640625 0.6259765625 0.048828125 0.2158203125
1 0.4375 0.3642578125 0.0390625 0.14453125
1 0.3837890625 0.3408203125 0.029296875 0.125
1 0.3857421875 0.31640625 0.0380859375 0.1357421875
1 0.2353515625 0.3369140625 0.025390625 0.138671875
1 0.365234375 0.2451171875 0.0263671875 0.1064453125
1 0.4287109375 0.2822265625 0.037109375 0.1240234375
1 0.46484375 0.2568359375 0.033203125 0.115234375
1 0.568359375 0.8671875 0.064453125 0.1640625
1 0.4189453125 0.7548828125 0.0732421875 0.13671875