0 0.6884765625 0.373046875 0.0205078125 0.03125
1 0.609375 0.3984375 0.0673828125 0.19921875
1 0.69921875 0.306640625 0.0419921875 0.140625
1 0.87109375 0.7216796875 0.07421875 0.2978515625
1 0.791015625 0.7578125 0.0703125 0.2412109375
1 0.1689453125 0.8642578125 0.060546875 0.271484375
1 0.1875 0.71875 0.0732421875 0.3095703125
1 0.0224609375 0.5400390625 0.044921875 0.251953125
1 0.0244140625 0.388671875 0.048828125 0.208984375
1 0.1787109375 0.3154296875 0.0498046875 0.212890625
1 0.1826171875 0.220703125 0.048828125 0.14453125