0 0.470703125 0.46875 0.0166015625 0.029296875
1 0.4697265625 0.3837890625 0.0322265625 0.1064453125
1 0.5087890625 0.4130859375 0.03515625 0.1181640625
1 0.5029296875 0.3583984375 0.037109375 0.1015625
1 0.3447265625 0.462890625 0.03515625 0.1259765625
1 0.9833984375 0.42578125 0.0322265625 0.1455078125
1 0.75390625 0.427734375 0.0283203125 0.1318359375
1 0.5478515625 0.578125 0.0341796875 0.1728515625
1 0.1044921875 0.4892578125 0.0361328125 0.166015625
1 0.2470703125 0.701171875 0.04296875 0.2490234375
1 0.35546875 0.875 0.09375 0.25