0 0.826171875 0.67578125 0.017578125 0.0302734375
1 0.859375 0.6650390625 0.0556640625 0.197265625
1 0.2119140625 0.45703125 0.03125 0.1162109375
1 0.2216796875 0.427734375 0.0390625 0.107421875
1 0.4365234375 0.4892578125 0.029296875 0.1298828125
1 0.380859375 0.4775390625 0.03125 0.1357421875
1 0.853515625 0.47265625 0.041015625 0.1328125
1 0.326171875 0.91796875 0.06640625 0.1640625
1 0.69921875 0.62890625 0.05078125 0.1689453125
1 0.6123046875 0.4013671875 0.0234375 0.115234375
1 0.4794921875 0.4365234375 0.02734375 0.1025390625