0 0.3037109375 0.3203125 0.0107421875 0.0185546875
1 0.3505859375 0.4375 0.05859375 0.15234375
1 0.5087890625 0.384765625 0.0361328125 0.146484375
1 0.7177734375 0.3896484375 0.037109375 0.1357421875
1 0.6923828125 0.333984375 0.0234375 0.13671875
1 0.775390625 0.298828125 0.0302734375 0.1279296875
1 0.6103515625 0.75390625 0.05859375 0.2734375
1 0.75 0.7236328125 0.05078125 0.2177734375
1 0.4208984375 0.306640625 0.0322265625 0.13671875
1 0.2998046875 0.2890625 0.037109375 0.0732421875
1 0.4833984375 0.2724609375 0.0283203125 0.0947265625
1 0.5029296875 0.2734375 0.021484375 0.1044921875