0 0.64453125 0.6328125 0.0185546875 0.0263671875
1 0.66796875 0.634765625 0.0703125 0.162109375
1 0.255859375 0.5185546875 0.0322265625 0.146484375
1 0.2177734375 0.48046875 0.0302734375 0.12890625
1 0.75 0.5966796875 0.04296875 0.171875
1 0.6357421875 0.4765625 0.0400390625 0.1064453125
1 0.513671875 0.5361328125 0.0439453125 0.1240234375
1 0.9150390625 0.5517578125 0.0390625 0.146484375
1 0.884765625 0.509765625 0.0390625 0.125
1 0.33984375 0.880859375 0.0615234375 0.23828125
1 0.2373046875 0.8955078125 0.044921875 0.208984375
1 0.2529296875 0.8798828125 0.048828125 0.240234375