0 0.7080078125 0.3984375 0.015625 0.0205078125
1 0.4990234375 0.779296875 0.05078125 0.26953125
1 0.2763671875 0.744140625 0.05078125 0.2080078125
1 0.2255859375 0.3642578125 0.02734375 0.12109375
1 0.2607421875 0.3203125 0.0205078125 0.1162109375
1 0.333984375 0.330078125 0.0224609375 0.1142578125
1 0.419921875 0.33203125 0.0224609375 0.123046875
1 0.3984375 0.298828125 0.0224609375 0.107421875
1 0.4853515625 0.3212890625 0.0263671875 0.1171875
1 0.509765625 0.3203125 0.0244140625 0.0908203125
1 0.666015625 0.36328125 0.044921875 0.109375
1 0.70703125 0.349609375 0.03515625 0.1103515625