0 0.1923828125 0.5712890625 0.0205078125 0.037109375
1 0.0771484375 0.337890625 0.0400390625 0.119140625
1 0.1513671875 0.4970703125 0.0517578125 0.2236328125
1 0.4169921875 0.4912109375 0.0546875 0.1923828125
1 0.3095703125 0.7265625 0.0703125 0.294921875
1 0.611328125 0.544921875 0.048828125 0.205078125
1 0.736328125 0.69140625 0.0546875 0.2373046875
1 0.7978515625 0.857421875 0.0732421875 0.2841796875
1 0.6357421875 0.927734375 0.0849609375 0.1435546875
1 0.96875 0.3759765625 0.041015625 0.1533203125
1 0.84375 0.4716796875 0.0498046875 0.158203125
1 0.1767578125 0.2529296875 0.025390625 0.1015625
1 0.1767578125 0.2578125 0.03125 0.107421875