0 0.4541015625 0.3251953125 0.01171875 0.0263671875
1 0.22265625 0.4345703125 0.04296875 0.1650390625
1 0.4794921875 0.5859375 0.0439453125 0.2294921875
1 0.73828125 0.8056640625 0.0556640625 0.265625
1 0.283203125 0.8896484375 0.068359375 0.2197265625
1 0.482421875 0.30859375 0.0234375 0.12109375
1 0.552734375 0.3134765625 0.033203125 0.099609375
1 0.6162109375 0.279296875 0.0302734375 0.0927734375
1 0.654296875 0.330078125 0.029296875 0.1328125
1 0.6796875 0.3466796875 0.0244140625 0.142578125
1 0.748046875 0.3251953125 0.02734375 0.125