0 0.3427734375 0.2822265625 0.017578125 0.03125
1 0.87109375 0.48046875 0.0791015625 0.234375
1 0.9208984375 0.3291015625 0.04296875 0.185546875
1 0.7705078125 0.3994140625 0.0498046875 0.2021484375
1 0.681640625 0.2724609375 0.0419921875 0.150390625
1 0.6376953125 0.2666015625 0.0341796875 0.1650390625
1 0.6044921875 0.232421875 0.03125 0.1142578125
1 0.52734375 0.15234375 0.0234375 0.1259765625
1 0.1748046875 0.2900390625 0.0439453125 0.1669921875
1 0.109375 0.1630859375 0.03125 0.1318359375
1 0.453125 0.8369140625 0.0791015625 0.326171875
1 0.96875 0.8271484375 0.0625 0.2294921875