0 0.375 0.6533203125 0.0205078125 0.03125
1 0.322265625 0.5830078125 0.04296875 0.1806640625
1 0.3603515625 0.5537109375 0.0478515625 0.1533203125
1 0.611328125 0.5966796875 0.0390625 0.1875
1 0.583984375 0.55859375 0.0390625 0.142578125
1 0.4873046875 0.482421875 0.03515625 0.1328125
1 0.623046875 0.447265625 0.025390625 0.1220703125
1 0.8017578125 0.46484375 0.044921875 0.1328125
1 0.857421875 0.5107421875 0.0419921875 0.146484375
1 0.6474609375 0.876953125 0.0615234375 0.24609375
1 0.4990234375 0.8857421875 0.037109375 0.228515625