0 0.427734375 0.48046875 0.013671875 0.0234375
1 0.1142578125 0.662109375 0.0615234375 0.23046875
1 0.16015625 0.4716796875 0.033203125 0.15625
1 0.208984375 0.421875 0.025390625 0.1376953125
1 0.306640625 0.5478515625 0.0302734375 0.162109375
1 0.3251953125 0.4228515625 0.02734375 0.1328125
1 0.439453125 0.4384765625 0.03515625 0.125
1 0.5361328125 0.421875 0.0244140625 0.109375
1 0.7568359375 0.3896484375 0.0234375 0.1142578125
1 0.9130859375 0.736328125 0.056640625 0.23828125
1 0.9736328125 0.755859375 0.052734375 0.25390625