0 0.6201171875 0.599609375 0.013671875 0.02734375
1 0.177734375 0.51171875 0.0537109375 0.150390625
1 0.283203125 0.38671875 0.0234375 0.119140625
1 0.3701171875 0.4052734375 0.029296875 0.1318359375
1 0.3994140625 0.517578125 0.0517578125 0.17578125
1 0.4287109375 0.4033203125 0.0361328125 0.1064453125
1 0.5595703125 0.41796875 0.0322265625 0.1201171875
1 0.6279296875 0.5537109375 0.04296875 0.1533203125
1 0.64453125 0.462890625 0.044921875 0.1416015625
1 0.7744140625 0.3994140625 0.0537109375 0.109375
1 0.8154296875 0.7548828125 0.048828125 0.251953125
1 0.8837890625 0.7607421875 0.052734375 0.234375