0 0.3388671875 0.3818359375 0.013671875 0.0224609375
1 0.23828125 0.513671875 0.044921875 0.18359375
1 0.5771484375 0.44921875 0.0380859375 0.18359375
1 0.6103515625 0.306640625 0.0263671875 0.109375
1 0.8583984375 0.4599609375 0.0322265625 0.1787109375
1 0.923828125 0.3671875 0.0400390625 0.1298828125
1 0.9140625 0.84765625 0.05859375 0.3046875
1 0.6796875 0.9189453125 0.072265625 0.1611328125
1 0.837890625 0.369140625 0.0341796875 0.0732421875
1 0.046875 0.849609375 0.0693359375 0.2734375
1 0.02734375 0.7314453125 0.0537109375 0.220703125