0 0.6826171875 0.5361328125 0.015625 0.0234375
1 0.34765625 0.5234375 0.03125 0.150390625
1 0.326171875 0.501953125 0.02734375 0.1669921875
1 0.2177734375 0.41015625 0.0390625 0.10546875
1 0.3271484375 0.3642578125 0.0263671875 0.1083984375
1 0.6748046875 0.3671875 0.0263671875 0.11328125
1 0.5361328125 0.5078125 0.0341796875 0.14453125
1 0.939453125 0.84765625 0.07421875 0.2626953125
1 0.7216796875 0.5556640625 0.0400390625 0.1796875
1 0.107421875 0.4990234375 0.03515625 0.1630859375
1 0.525390625 0.923828125 0.0537109375 0.1513671875