0 0.234375 0.578125 0.0185546875 0.03125
1 0.9091796875 0.3828125 0.0244140625 0.1318359375
1 0.779296875 0.4599609375 0.0380859375 0.1494140625
1 0.6103515625 0.5712890625 0.0478515625 0.203125
1 0.40234375 0.529296875 0.0478515625 0.1884765625
1 0.359375 0.6826171875 0.0537109375 0.255859375
1 0.205078125 0.5166015625 0.04296875 0.185546875
1 0.2236328125 0.34765625 0.0244140625 0.1201171875
1 0.8466796875 0.71484375 0.041015625 0.22265625
1 0.8349609375 0.8818359375 0.0859375 0.236328125
1 0.67578125 0.947265625 0.076171875 0.10546875