0 0.609375 0.27734375 0.0126953125 0.0244140625
1 0.2255859375 0.765625 0.076171875 0.2451171875
1 0.7841796875 0.8759765625 0.08984375 0.2470703125
1 0.6337890625 0.2333984375 0.029296875 0.146484375
1 0.333984375 0.265625 0.0263671875 0.12890625
1 0.5478515625 0.26171875 0.0283203125 0.1376953125
1 0.361328125 0.2158203125 0.0302734375 0.1064453125
1 0.365234375 0.1845703125 0.044921875 0.111328125
1 0.1796875 0.2666015625 0.0537109375 0.1083984375
1 0.0302734375 0.7666015625 0.060546875 0.2958984375
1 0.0361328125 0.345703125 0.0556640625 0.169921875