1 0.9130859375 0.5439453125 0.0361328125 0.1279296875
1 0.87890625 0.6494140625 0.025390625 0.171875
1 0.7685546875 0.5576171875 0.0244140625 0.109375
1 0.615234375 0.591796875 0.0400390625 0.1533203125
1 0.5869140625 0.50390625 0.03125 0.091796875
1 0.5625 0.48828125 0.01953125 0.087890625
1 0.4091796875 0.6689453125 0.033203125 0.1826171875
1 0.3076171875 0.5927734375 0.03125 0.142578125
1 0.048828125 0.6328125 0.0390625 0.181640625
0 0.56640625 0.5439453125 0.0107421875 0.0205078125
1 0.7177734375 0.9111328125 0.056640625 0.177734375