0 0.3505859375 0.37109375 0.0146484375 0.0244140625
1 0.1982421875 0.41796875 0.0634765625 0.1640625
1 0.123046875 0.4033203125 0.0439453125 0.1474609375
1 0.56640625 0.328125 0.0361328125 0.134765625
1 0.5400390625 0.2822265625 0.03125 0.08984375
1 0.62890625 0.55859375 0.046875 0.23046875
1 0.681640625 0.4150390625 0.044921875 0.171875
1 0.869140625 0.357421875 0.029296875 0.154296875
1 0.54296875 0.734375 0.0556640625 0.2724609375
1 0.5888671875 0.865234375 0.056640625 0.26953125
1 0.7529296875 0.74609375 0.044921875 0.275390625
1 0.9892578125 0.431640625 0.021484375 0.1640625