0 0.6455078125 0.2900390625 0.015625 0.0205078125
1 0.1416015625 0.34375 0.041015625 0.138671875
1 0.4482421875 0.87890625 0.0625 0.2392578125
1 0.921875 0.7001953125 0.05078125 0.259765625
1 0.8779296875 0.388671875 0.044921875 0.177734375
1 0.8701171875 0.271484375 0.029296875 0.115234375
1 0.494140625 0.236328125 0.021484375 0.0859375
1 0.5048828125 0.220703125 0.0263671875 0.107421875
1 0.34375 0.3974609375 0.0419921875 0.15625
1 0.3232421875 0.326171875 0.0302734375 0.1396484375
1 0.2529296875 0.2998046875 0.048828125 0.109375
1 0.2431640625 0.2763671875 0.0283203125 0.10546875