0 0.8330078125 0.453125 0.0166015625 0.0283203125
1 0.8837890625 0.419921875 0.0283203125 0.166015625
1 0.8134765625 0.376953125 0.03125 0.1279296875
1 0.5283203125 0.4326171875 0.0517578125 0.154296875
1 0.470703125 0.2763671875 0.0263671875 0.099609375
1 0.4404296875 0.3525390625 0.0263671875 0.1318359375
1 0.392578125 0.34375 0.0224609375 0.12109375
1 0.31640625 0.3818359375 0.03515625 0.14453125
1 0.4423828125 0.607421875 0.0732421875 0.2236328125
1 0.3408203125 0.779296875 0.0625 0.2802734375
1 0.2802734375 0.5888671875 0.0537109375 0.193359375
1 0.2685546875 0.8271484375 0.06640625 0.2744140625
1 0.2744140625 0.9033203125 0.064453125 0.1923828125
1 0.486328125 0.92578125 0.06640625 0.1484375
1 0.6435546875 0.8349609375 0.0712890625 0.1328125