0 0.318359375 0.33203125 0.009765625 0.0185546875
1 0.3642578125 0.4462890625 0.0576171875 0.1484375
1 0.517578125 0.39453125 0.03515625 0.142578125
1 0.720703125 0.3994140625 0.0361328125 0.1318359375
1 0.6962890625 0.3447265625 0.0224609375 0.1328125
1 0.77734375 0.310546875 0.029296875 0.1240234375
1 0.6171875 0.75390625 0.056640625 0.2666015625
1 0.7529296875 0.724609375 0.0498046875 0.2119140625
1 0.431640625 0.318359375 0.03125 0.1328125
1 0.314453125 0.30078125 0.0361328125 0.0712890625
1 0.4931640625 0.28515625 0.02734375 0.0927734375
1 0.51171875 0.2861328125 0.0205078125 0.1015625