0 0.435546875 0.595703125 0.017578125 0.029296875
1 0.8359375 0.4775390625 0.0390625 0.140625
1 0.5966796875 0.375 0.029296875 0.119140625
1 0.4599609375 0.5478515625 0.056640625 0.125
1 0.455078125 0.5302734375 0.0498046875 0.1494140625
1 0.2255859375 0.3623046875 0.0361328125 0.1083984375
1 0.015625 0.4775390625 0.03125 0.1728515625
1 0.228515625 0.541015625 0.0283203125 0.1787109375
1 0.2685546875 0.6884765625 0.0546875 0.2333984375
1 0.25390625 0.841796875 0.0615234375 0.2666015625
1 0.4912109375 0.6826171875 0.07421875 0.1796875
1 0.0478515625 0.3359375 0.02734375 0.111328125