0 0.5185546875 0.3505859375 0.01171875 0.0185546875
1 0.4521484375 0.3623046875 0.0244140625 0.125
1 0.4873046875 0.3740234375 0.025390625 0.1103515625
1 0.5302734375 0.30859375 0.025390625 0.0927734375
1 0.595703125 0.353515625 0.0302734375 0.1298828125
1 0.6357421875 0.3759765625 0.033203125 0.1376953125
1 0.685546875 0.3896484375 0.04296875 0.1064453125
1 0.6669921875 0.357421875 0.044921875 0.1220703125
1 0.3203125 0.7470703125 0.09375 0.2724609375
1 0.66015625 0.828125 0.056640625 0.263671875
1 0.0341796875 0.5791015625 0.0478515625 0.1982421875