0 0.5830078125 0.5703125 0.0166015625 0.0263671875
1 0.216796875 0.4619140625 0.0361328125 0.12890625
1 0.4365234375 0.3681640625 0.02734375 0.109375
1 0.5615234375 0.5263671875 0.0517578125 0.1142578125
1 0.5654296875 0.509765625 0.0458984375 0.13671875
1 0.775390625 0.3564453125 0.033203125 0.0986328125
1 0.970703125 0.4619140625 0.0341796875 0.158203125
1 0.7724609375 0.5205078125 0.0263671875 0.1630859375
1 0.736328125 0.6552734375 0.0498046875 0.212890625
1 0.75 0.794921875 0.056640625 0.244140625
1 0.5322265625 0.6494140625 0.0673828125 0.1640625
1 0.9384765625 0.33203125 0.025390625 0.1015625