0 0.4951171875 0.6015625 0.013671875 0.0234375
1 0.6220703125 0.6533203125 0.0419921875 0.1865234375
1 0.7333984375 0.556640625 0.052734375 0.1357421875
1 0.6962890625 0.546875 0.041015625 0.119140625
1 0.4072265625 0.611328125 0.0322265625 0.1494140625
1 0.3974609375 0.525390625 0.0361328125 0.1103515625
1 0.33984375 0.578125 0.0380859375 0.1435546875
1 0.1083984375 0.533203125 0.0302734375 0.1328125
1 0.291015625 0.6142578125 0.029296875 0.1474609375
1 0.275390625 0.6083984375 0.0283203125 0.140625
1 0.404296875 0.9140625 0.0654296875 0.171875