0 0.341796875 0.4345703125 0.015625 0.025390625
1 0.1689453125 0.427734375 0.046875 0.1533203125
1 0.35546875 0.3662109375 0.041015625 0.1259765625
1 0.3720703125 0.490234375 0.0654296875 0.1552734375
1 0.455078125 0.4580078125 0.0615234375 0.126953125
1 0.50390625 0.40625 0.0478515625 0.1376953125
1 0.5751953125 0.3681640625 0.0302734375 0.1337890625
1 0.630859375 0.4208984375 0.0302734375 0.140625
1 0.681640625 0.3828125 0.0263671875 0.1484375
1 0.611328125 0.32421875 0.021484375 0.12109375
1 0.68359375 0.7978515625 0.0361328125 0.22265625
1 0.5576171875 0.779296875 0.0400390625 0.2978515625
1 0.4130859375 0.876953125 0.08203125 0.24609375