0 0.66796875 0.421875 0.01953125 0.03515625
1 0.076171875 0.4775390625 0.072265625 0.2021484375
1 0.2666015625 0.3095703125 0.0341796875 0.1650390625
1 0.208984375 0.2451171875 0.033203125 0.123046875
1 0.4423828125 0.3876953125 0.0439453125 0.1728515625
1 0.5849609375 0.4384765625 0.0625 0.166015625
1 0.544921875 0.3056640625 0.04296875 0.1376953125
1 0.6240234375 0.2724609375 0.0419921875 0.0908203125
1 0.595703125 0.23828125 0.0263671875 0.1005859375
1 0.814453125 0.3544921875 0.0439453125 0.138671875
1 0.7421875 0.2666015625 0.04296875 0.11328125
1 0.677734375 0.65625 0.044921875 0.224609375
1 0.466796875 0.705078125 0.0615234375 0.2705078125