0 0.419921875 0.576171875 0.0166015625 0.02734375
1 0.79296875 0.4658203125 0.0361328125 0.130859375
1 0.5693359375 0.37109375 0.02734375 0.111328125
1 0.4423828125 0.53125 0.052734375 0.1162109375
1 0.4384765625 0.5146484375 0.046875 0.138671875
1 0.224609375 0.3583984375 0.0341796875 0.1005859375
1 0.0263671875 0.4658203125 0.03515625 0.1611328125
1 0.2275390625 0.525390625 0.0263671875 0.166015625
1 0.2646484375 0.662109375 0.05078125 0.216796875
1 0.2509765625 0.8046875 0.0576171875 0.248046875
1 0.4716796875 0.6572265625 0.068359375 0.1669921875
1 0.0595703125 0.333984375 0.025390625 0.103515625