0 0.6650390625 0.4912109375 0.009765625 0.01953125
1 0.681640625 0.4521484375 0.0244140625 0.1162109375
1 0.6689453125 0.4453125 0.0283203125 0.1103515625
1 0.6044921875 0.39453125 0.0263671875 0.09765625
1 0.513671875 0.4052734375 0.0185546875 0.1298828125
1 0.4677734375 0.408203125 0.0224609375 0.1162109375
1 0.361328125 0.4990234375 0.029296875 0.1689453125
1 0.5673828125 0.8017578125 0.04296875 0.208984375
1 0.509765625 0.861328125 0.0615234375 0.23046875
1 0.5087890625 0.8212890625 0.0556640625 0.2490234375
1 0.626953125 0.73828125 0.048828125 0.2373046875
1 0.265625 0.419921875 0.0263671875 0.140625
1 0.0986328125 0.4404296875 0.0390625 0.1474609375
1 0.0908203125 0.5537109375 0.04296875 0.166015625