0 0.333984375 0.3310546875 0.0146484375 0.025390625
1 0.59375 0.3271484375 0.0380859375 0.15234375
1 0.7783203125 0.4365234375 0.04296875 0.1875
1 0.6416015625 0.8779296875 0.0615234375 0.244140625
1 0.3740234375 0.85546875 0.0712890625 0.1552734375
1 0.189453125 0.6689453125 0.04296875 0.248046875
1 0.20703125 0.3720703125 0.041015625 0.16796875
1 0.2958984375 0.2783203125 0.052734375 0.1337890625
1 0.6240234375 0.2060546875 0.0263671875 0.1064453125
1 0.6982421875 0.24609375 0.03125 0.1123046875
1 0.92578125 0.2568359375 0.037109375 0.12109375
1 0.9619140625 0.2841796875 0.02734375 0.1279296875