0 0.48828125 0.470703125 0.017578125 0.029296875
1 0.25 0.7841796875 0.0595703125 0.3173828125
1 0.142578125 0.7431640625 0.0869140625 0.275390625
1 0.513671875 0.595703125 0.044921875 0.2431640625
1 0.6162109375 0.724609375 0.0654296875 0.14453125
1 0.4677734375 0.828125 0.064453125 0.1435546875
1 0.4599609375 0.4013671875 0.0400390625 0.15625
1 0.4091796875 0.4072265625 0.0595703125 0.177734375
1 0.3505859375 0.4150390625 0.0419921875 0.189453125
1 0.564453125 0.248046875 0.0390625 0.11328125
1 0.6650390625 0.2294921875 0.0380859375 0.12109375
1 0.29296875 0.28125 0.037109375 0.140625
1 0.169921875 0.3037109375 0.05859375 0.142578125
1 0.017578125 0.4189453125 0.03515625 0.1826171875