0 0.677734375 0.5029296875 0.009765625 0.01953125
1 0.6943359375 0.4638671875 0.025390625 0.119140625
1 0.6806640625 0.4560546875 0.029296875 0.1123046875
1 0.615234375 0.4052734375 0.0263671875 0.099609375
1 0.5224609375 0.416015625 0.0185546875 0.1328125
1 0.4755859375 0.4189453125 0.0224609375 0.1181640625
1 0.3671875 0.51171875 0.0302734375 0.1728515625
1 0.5771484375 0.8212890625 0.0439453125 0.2138671875
1 0.5185546875 0.880859375 0.0625 0.2353515625
1 0.517578125 0.8408203125 0.056640625 0.2548828125
1 0.6376953125 0.755859375 0.0498046875 0.2421875
1 0.26953125 0.4306640625 0.0263671875 0.1435546875
1 0.0986328125 0.4521484375 0.0390625 0.150390625
1 0.0908203125 0.5673828125 0.0439453125 0.169921875