0 0.3212890625 0.19921875 0.017578125 0.0361328125
1 0.23828125 0.404296875 0.0498046875 0.15234375
1 0.1123046875 0.5244140625 0.05859375 0.173828125
1 0.3349609375 0.822265625 0.06640625 0.314453125
1 0.634765625 0.7421875 0.0693359375 0.267578125
1 0.462890625 0.408203125 0.0439453125 0.162109375
1 0.4638671875 0.3125 0.0283203125 0.0849609375
1 0.396484375 0.28125 0.03125 0.109375
1 0.4736328125 0.2724609375 0.0263671875 0.1142578125
1 0.5947265625 0.33203125 0.03125 0.130859375
1 0.755859375 0.33984375 0.03515625 0.1337890625
1 0.7412109375 0.28515625 0.025390625 0.1162109375
1 0.2587890625 0.931640625 0.07421875 0.13671875
1 0.548828125 0.9375 0.0859375 0.125
1 0.716796875 0.8740234375 0.076171875 0.1494140625