0 0.49609375 0.33984375 0.013671875 0.025390625
1 0.7294921875 0.294921875 0.0322265625 0.1435546875
1 0.9111328125 0.345703125 0.0380859375 0.158203125
1 0.6279296875 0.6943359375 0.0625 0.26953125
1 0.4267578125 0.626953125 0.048828125 0.2158203125
1 0.4326171875 0.365234375 0.0390625 0.14453125
1 0.37890625 0.341796875 0.029296875 0.125
1 0.3818359375 0.3173828125 0.0380859375 0.1357421875
1 0.2314453125 0.337890625 0.025390625 0.138671875
1 0.3603515625 0.24609375 0.0263671875 0.1064453125
1 0.423828125 0.283203125 0.037109375 0.1240234375
1 0.4609375 0.2578125 0.033203125 0.115234375
1 0.564453125 0.8681640625 0.064453125 0.1640625
1 0.4140625 0.755859375 0.0732421875 0.13671875