0 0.525390625 0.6171875 0.017578125 0.029296875
1 0.5146484375 0.5751953125 0.0595703125 0.142578125
1 0.4482421875 0.3525390625 0.0322265625 0.119140625
1 0.2060546875 0.447265625 0.037109375 0.138671875
1 0.548828125 0.5556640625 0.060546875 0.15625
1 0.54296875 0.5205078125 0.0341796875 0.1455078125
1 0.765625 0.494140625 0.02734375 0.1669921875
1 0.7509765625 0.65234375 0.0517578125 0.220703125
1 0.751953125 0.787109375 0.0439453125 0.2607421875
1 0.873046875 0.3564453125 0.0380859375 0.12109375
1 0.958984375 0.427734375 0.0400390625 0.1337890625
1 0.9619140625 0.3134765625 0.02734375 0.1103515625