0 0.3232421875 0.5205078125 0.0185546875 0.037109375
1 0.876953125 0.4375 0.048828125 0.2138671875
1 0.97265625 0.73828125 0.0537109375 0.2998046875
1 0.876953125 0.7939453125 0.076171875 0.255859375
1 0.310546875 0.873046875 0.08984375 0.25390625
1 0.12109375 0.75 0.0771484375 0.2880859375
1 0.3388671875 0.751953125 0.076171875 0.2890625
1 0.2197265625 0.509765625 0.064453125 0.2001953125
1 0.169921875 0.4296875 0.052734375 0.17578125
1 0.171875 0.263671875 0.041015625 0.12109375
1 0.037109375 0.31640625 0.0478515625 0.154296875
1 0.408203125 0.302734375 0.0390625 0.1455078125
1 0.5634765625 0.25390625 0.033203125 0.1279296875