0 0.5302734375 0.466796875 0.015625 0.0283203125
1 0.53125 0.3857421875 0.03125 0.1015625
1 0.494140625 0.4140625 0.0341796875 0.11328125
1 0.5 0.361328125 0.0361328125 0.09765625
1 0.6513671875 0.4619140625 0.0341796875 0.12109375
1 0.0390625 0.42578125 0.0302734375 0.138671875
1 0.2587890625 0.427734375 0.02734375 0.1259765625
1 0.45703125 0.5712890625 0.033203125 0.1650390625
1 0.880859375 0.4873046875 0.0341796875 0.1591796875
1 0.7451171875 0.689453125 0.041015625 0.2392578125
1 0.6416015625 0.861328125 0.08984375 0.248046875