0 0.4345703125 0.3828125 0.0185546875 0.03125
1 0.2275390625 0.4951171875 0.0576171875 0.1787109375
1 0.0126953125 0.3935546875 0.025390625 0.150390625
1 0.392578125 0.365234375 0.037109375 0.1064453125
1 0.44921875 0.52734375 0.037109375 0.1943359375
1 0.6162109375 0.412109375 0.033203125 0.1494140625
1 0.68359375 0.7119140625 0.05859375 0.2412109375
1 0.810546875 0.548828125 0.0458984375 0.19140625
1 0.830078125 0.427734375 0.0322265625 0.1259765625
1 0.982421875 0.4755859375 0.033203125 0.150390625
1 0.1064453125 0.890625 0.0947265625 0.21875
1 0.572265625 0.92578125 0.0830078125 0.1484375