0 0.5595703125 0.4501953125 0.013671875 0.0234375
1 0.578125 0.4091796875 0.0380859375 0.109375
1 0.6669921875 0.4658203125 0.037109375 0.1181640625
1 0.4697265625 0.84765625 0.0791015625 0.2705078125
1 0.236328125 0.5966796875 0.0537109375 0.1767578125
1 0.376953125 0.451171875 0.03515625 0.1103515625
1 0.294921875 0.4443359375 0.025390625 0.1025390625
1 0.3173828125 0.375 0.0205078125 0.095703125
1 0.28515625 0.4111328125 0.0205078125 0.1142578125
1 0.20703125 0.3994140625 0.021484375 0.1103515625
1 0.1435546875 0.4306640625 0.025390625 0.11328125
1 0.1455078125 0.4130859375 0.0322265625 0.111328125