0 0.775390625 0.576171875 0.017578125 0.029296875
1 0.138671875 0.392578125 0.0234375 0.1240234375
1 0.26171875 0.46484375 0.0361328125 0.140625
1 0.4208984375 0.5703125 0.0458984375 0.19140625
1 0.6171875 0.5302734375 0.044921875 0.177734375
1 0.6572265625 0.6748046875 0.05078125 0.2412109375
1 0.802734375 0.5185546875 0.0400390625 0.1748046875
1 0.78515625 0.359375 0.0234375 0.11328125
1 0.1982421875 0.705078125 0.0390625 0.2099609375
1 0.208984375 0.875 0.08203125 0.25
1 0.359375 0.9375 0.0712890625 0.1240234375