0 0.5810546875 0.2861328125 0.017578125 0.0205078125
1 0.2265625 0.451171875 0.0556640625 0.1865234375
1 0.255859375 0.3779296875 0.0400390625 0.1640625
1 0.107421875 0.2998046875 0.0361328125 0.1396484375
1 0.1806640625 0.7724609375 0.0771484375 0.2890625
1 0.373046875 0.7705078125 0.0791015625 0.240234375
1 0.919921875 0.8828125 0.0859375 0.234375
1 0.03515625 0.7734375 0.0673828125 0.2314453125
1 0.322265625 0.31640625 0.029296875 0.146484375
1 0.482421875 0.2861328125 0.0244140625 0.1083984375
1 0.4921875 0.248046875 0.017578125 0.087890625
1 0.548828125 0.2265625 0.0419921875 0.107421875
1 0.6826171875 0.2646484375 0.0283203125 0.1328125
1 0.7060546875 0.275390625 0.0322265625 0.1220703125