0 0.3857421875 0.5185546875 0.0205078125 0.0380859375
1 0.3154296875 0.66796875 0.0869140625 0.2763671875
1 0.083984375 0.78125 0.1162109375 0.314453125
1 0.150390625 0.8720703125 0.0849609375 0.255859375
1 0.4443359375 0.880859375 0.0810546875 0.16796875
1 0.6083984375 0.7822265625 0.08203125 0.166015625
1 0.4638671875 0.4150390625 0.0654296875 0.17578125
1 0.3544921875 0.435546875 0.0537109375 0.2158203125
1 0.384765625 0.3603515625 0.0390625 0.1767578125
1 0.37890625 0.2744140625 0.048828125 0.1455078125
1 0.3349609375 0.201171875 0.0361328125 0.1220703125
1 0.43359375 0.2646484375 0.033203125 0.138671875
1 0.4599609375 0.341796875 0.0546875 0.1494140625
1 0.498046875 0.2626953125 0.04296875 0.1201171875
1 0.6796875 0.2119140625 0.03125 0.142578125