0 0.5576171875 0.572265625 0.0224609375 0.04296875
1 0.2451171875 0.7080078125 0.0693359375 0.3125
1 0.2998046875 0.8359375 0.0791015625 0.328125
1 0.587890625 0.865234375 0.0869140625 0.1884765625
1 0.474609375 0.62890625 0.0625 0.26953125
1 0.5263671875 0.494140625 0.08984375 0.203125
1 0.4794921875 0.419921875 0.078125 0.1865234375
1 0.41796875 0.1806640625 0.0380859375 0.119140625
1 0.544921875 0.2119140625 0.03515625 0.13671875
1 0.16015625 0.24609375 0.044921875 0.1748046875
1 0.0302734375 0.2216796875 0.0380859375 0.150390625
1 0.8359375 0.2001953125 0.0439453125 0.1474609375
1 0.7626953125 0.80078125 0.0830078125 0.1591796875