0 0.11328125 0.447265625 0.0205078125 0.029296875
1 0.4853515625 0.265625 0.029296875 0.1083984375
1 0.4541015625 0.5849609375 0.0615234375 0.2255859375
1 0.0654296875 0.419921875 0.033203125 0.1708984375
1 0.125 0.3974609375 0.0341796875 0.0810546875
1 0.5107421875 0.419921875 0.0439453125 0.158203125
1 0.51171875 0.322265625 0.0224609375 0.103515625
1 0.5849609375 0.3369140625 0.0263671875 0.1240234375
1 0.607421875 0.369140625 0.0302734375 0.14453125
1 0.6396484375 0.5732421875 0.048828125 0.193359375
1 0.65234375 0.8056640625 0.064453125 0.29296875
1 0.72265625 0.8408203125 0.0693359375 0.2958984375
1 0.740234375 0.91015625 0.06640625 0.1787109375
1 0.494140625 0.935546875 0.07421875 0.12890625
1 0.3310546875 0.8505859375 0.0703125 0.150390625