0 0.330078125 0.4736328125 0.0146484375 0.0263671875
1 0.4287109375 0.447265625 0.0302734375 0.099609375
1 0.5888671875 0.673828125 0.0390625 0.19140625
1 0.205078125 0.498046875 0.0400390625 0.146484375
1 0.15234375 0.5234375 0.0390625 0.15234375
1 0.0888671875 0.5009765625 0.03515625 0.1259765625
1 0.0107421875 0.458984375 0.021484375 0.1279296875
1 0.08203125 0.40625 0.025390625 0.0966796875
1 0.2861328125 0.4482421875 0.033203125 0.107421875
1 0.3466796875 0.4501953125 0.0400390625 0.11328125
1 0.345703125 0.396484375 0.01953125 0.0390625
1 0.6474609375 0.9736328125 0.07421875 0.052734375