0 0.673828125 0.5458984375 0.0205078125 0.03125
1 0.0517578125 0.546875 0.0341796875 0.1923828125
1 0.20703125 0.41015625 0.044921875 0.13671875
1 0.3818359375 0.470703125 0.03515625 0.1611328125
1 0.4052734375 0.3564453125 0.0322265625 0.12109375
1 0.4326171875 0.40625 0.029296875 0.130859375
1 0.4765625 0.3671875 0.029296875 0.1259765625
1 0.638671875 0.39453125 0.0302734375 0.1171875
1 0.705078125 0.50390625 0.0439453125 0.1708984375
1 0.72265625 0.384765625 0.03125 0.111328125
1 0.759765625 0.9287109375 0.078125 0.142578125
1 0.6806640625 0.951171875 0.076171875 0.09765625