0 0.4091796875 0.4990234375 0.0185546875 0.03515625
1 0.345703125 0.6337890625 0.078125 0.2490234375
1 0.1376953125 0.7353515625 0.1044921875 0.283203125
1 0.1982421875 0.8505859375 0.076171875 0.2978515625
1 0.4619140625 0.8251953125 0.0732421875 0.1513671875
1 0.609375 0.736328125 0.07421875 0.1494140625
1 0.4794921875 0.4052734375 0.05859375 0.158203125
1 0.380859375 0.4248046875 0.048828125 0.1943359375
1 0.408203125 0.3564453125 0.03515625 0.1591796875
1 0.4033203125 0.279296875 0.0439453125 0.130859375
1 0.36328125 0.2138671875 0.033203125 0.109375
1 0.4521484375 0.2705078125 0.0302734375 0.1240234375
1 0.4755859375 0.33984375 0.0498046875 0.134765625
1 0.509765625 0.26953125 0.0390625 0.1083984375
1 0.673828125 0.2236328125 0.02734375 0.1279296875