0 0.56640625 0.232421875 0.013671875 0.0244140625
1 0.96484375 0.517578125 0.0546875 0.19140625
1 0.759765625 0.3701171875 0.0380859375 0.158203125
1 0.5849609375 0.380859375 0.041015625 0.1611328125
1 0.626953125 0.8115234375 0.0625 0.306640625
1 0.279296875 0.71875 0.05078125 0.2802734375
1 0.408203125 0.9326171875 0.0703125 0.1337890625
1 0.2470703125 0.873046875 0.078125 0.154296875
1 0.7060546875 0.9296875 0.0810546875 0.140625
1 0.546875 0.330078125 0.046875 0.134765625
1 0.525390625 0.271484375 0.0322265625 0.111328125
1 0.544921875 0.2353515625 0.01953125 0.0732421875
1 0.365234375 0.3203125 0.033203125 0.1279296875
1 0.2177734375 0.345703125 0.025390625 0.150390625
1 0.2275390625 0.26953125 0.0263671875 0.1201171875