0 0.65234375 0.419921875 0.0146484375 0.0205078125
1 0.3603515625 0.5029296875 0.029296875 0.1279296875
1 0.51171875 0.40625 0.03125 0.1044921875
1 0.69140625 0.3720703125 0.0224609375 0.0966796875
1 0.7255859375 0.4091796875 0.025390625 0.109375
1 0.7724609375 0.3916015625 0.0224609375 0.0986328125
1 0.81640625 0.4267578125 0.0283203125 0.099609375
1 0.78515625 0.5361328125 0.037109375 0.1572265625
1 0.439453125 0.8603515625 0.0654296875 0.2607421875
1 0.6943359375 0.4521484375 0.0400390625 0.1103515625
1 0.8408203125 0.408203125 0.0234375 0.1064453125