0 0.62890625 0.5703125 0.01953125 0.041015625
1 0.4619140625 0.2822265625 0.0283203125 0.1298828125
1 0.7978515625 0.2880859375 0.0322265625 0.1396484375
1 0.66796875 0.5185546875 0.05078125 0.2255859375
1 0.693359375 0.8486328125 0.0791015625 0.2802734375
1 0.1845703125 0.751953125 0.0751953125 0.2236328125
1 0.1142578125 0.4208984375 0.0556640625 0.1708984375
1 0.1455078125 0.3193359375 0.04296875 0.126953125
1 0.2744140625 0.244140625 0.0322265625 0.1103515625
1 0.3828125 0.208984375 0.029296875 0.1181640625
1 0.095703125 0.2890625 0.041015625 0.1337890625
1 0.021484375 0.4443359375 0.04296875 0.193359375