0 0.1513671875 0.41796875 0.0185546875 0.0341796875
1 0.5419921875 0.3505859375 0.052734375 0.1669921875
1 0.59765625 0.3837890625 0.0380859375 0.1826171875
1 0.6279296875 0.2451171875 0.0322265625 0.12890625
1 0.5634765625 0.1884765625 0.0341796875 0.126953125
1 0.2041015625 0.23828125 0.0263671875 0.1396484375
1 0.1171875 0.3701171875 0.033203125 0.1953125
1 0.57421875 0.8515625 0.083984375 0.296875
1 0.990234375 0.3720703125 0.0185546875 0.177734375
1 0.95703125 0.26953125 0.033203125 0.13671875
1 0.892578125 0.2373046875 0.033203125 0.1318359375
1 0.0390625 0.7109375 0.078125 0.2646484375