0 0.62109375 0.27734375 0.013671875 0.0244140625
1 0.9931640625 0.556640625 0.013671875 0.1875
1 0.8125 0.4130859375 0.0380859375 0.1552734375
1 0.6396484375 0.423828125 0.041015625 0.158203125
1 0.6806640625 0.8466796875 0.0615234375 0.30078125
1 0.33984375 0.7548828125 0.0498046875 0.275390625
1 0.466796875 0.94921875 0.0703125 0.1015625
1 0.3076171875 0.9072265625 0.076171875 0.1513671875
1 0.7587890625 0.9462890625 0.0791015625 0.107421875
1 0.6015625 0.373046875 0.0458984375 0.1328125
1 0.5810546875 0.31640625 0.03125 0.109375
1 0.6005859375 0.2802734375 0.01953125 0.072265625
1 0.423828125 0.36328125 0.033203125 0.1259765625
1 0.2783203125 0.388671875 0.025390625 0.1474609375
1 0.2890625 0.314453125 0.025390625 0.1181640625