0 0.681640625 0.287109375 0.0166015625 0.0283203125
1 0.478515625 0.349609375 0.0341796875 0.177734375
1 0.236328125 0.310546875 0.029296875 0.1640625
1 0.166015625 0.3486328125 0.0419921875 0.1611328125
1 0.3486328125 0.705078125 0.044921875 0.287109375
1 0.5400390625 0.84765625 0.0634765625 0.3037109375
1 0.5625 0.7109375 0.05078125 0.2861328125
1 0.6728515625 0.478515625 0.0517578125 0.2255859375
1 0.8974609375 0.3466796875 0.048828125 0.1728515625
1 0.830078125 0.271484375 0.072265625 0.1123046875
1 0.8056640625 0.2548828125 0.0263671875 0.123046875
1 0.8330078125 0.2685546875 0.0341796875 0.068359375