0 0.7998046875 0.46875 0.0146484375 0.03125
1 0.3994140625 0.271484375 0.029296875 0.1005859375
1 0.5732421875 0.4462890625 0.0498046875 0.1611328125
1 0.85546875 0.4345703125 0.0380859375 0.1552734375
1 0.7236328125 0.3603515625 0.0361328125 0.138671875
1 0.3466796875 0.341796875 0.0322265625 0.111328125
1 0.328125 0.380859375 0.044921875 0.1337890625
1 0.2431640625 0.4189453125 0.03125 0.16796875
1 0.185546875 0.6240234375 0.05859375 0.2001953125
1 0.3115234375 0.6435546875 0.0634765625 0.2236328125
1 0.2978515625 0.818359375 0.068359375 0.2880859375
1 0.208984375 0.857421875 0.0830078125 0.28515625
1 0.244140625 0.9130859375 0.0556640625 0.173828125
1 0.45703125 0.943359375 0.0751953125 0.11328125
1 0.61328125 0.8603515625 0.07421875 0.140625