1 0.859375 0.8310546875 0.0546875 0.2685546875
1 0.3916015625 0.6474609375 0.04296875 0.193359375
1 0.2822265625 0.5078125 0.048828125 0.1201171875
1 0.1162109375 0.51171875 0.0546875 0.123046875
1 0.1494140625 0.6103515625 0.03515625 0.1669921875
1 0.1845703125 0.65234375 0.0439453125 0.1728515625
0 0.154296875 0.6650390625 0.009765625 0.0234375
1 0.71875 0.5810546875 0.029296875 0.166015625
1 0.705078125 0.5302734375 0.033203125 0.123046875
1 0.107421875 0.888671875 0.0712890625 0.2216796875
1 0.1298828125 0.9482421875 0.044921875 0.103515625
1 0.6650390625 0.9208984375 0.0615234375 0.158203125
1 0.701171875 0.966796875 0.044921875 0.06640625