0 0.9150390625 0.5244140625 0.017578125 0.02734375
1 0.9375 0.439453125 0.041015625 0.16015625
1 0.70703125 0.5810546875 0.0478515625 0.193359375
1 0.8427734375 0.8837890625 0.083984375 0.232421875
1 0.599609375 0.8408203125 0.0615234375 0.2314453125
1 0.9306640625 0.9296875 0.111328125 0.140625
1 0.5693359375 0.525390625 0.04296875 0.205078125
1 0.416015625 0.4248046875 0.0419921875 0.166015625
1 0.044921875 0.689453125 0.076171875 0.21875
1 0.150390625 0.8671875 0.0634765625 0.2646484375
1 0.0166015625 0.40234375 0.0322265625 0.15625