0 0.7646484375 0.5634765625 0.0185546875 0.029296875
1 0.8876953125 0.494140625 0.0595703125 0.134765625
1 0.54296875 0.4521484375 0.0341796875 0.126953125
1 0.15625 0.58203125 0.0361328125 0.201171875
1 0.2705078125 0.392578125 0.029296875 0.1162109375
1 0.298828125 0.5458984375 0.037109375 0.154296875
1 0.2958984375 0.66015625 0.0419921875 0.181640625
1 0.0419921875 0.880859375 0.060546875 0.23828125
1 0.7353515625 0.892578125 0.064453125 0.21484375
1 0.923828125 0.8974609375 0.05859375 0.205078125
1 0.9638671875 0.90625 0.0615234375 0.1875