0 0.6220703125 0.296875 0.009765625 0.0146484375
1 0.4384765625 0.74609375 0.076171875 0.23828125
1 0.7314453125 0.734375 0.044921875 0.2080078125
1 0.5625 0.4072265625 0.0302734375 0.1455078125
1 0.5546875 0.3740234375 0.0244140625 0.11328125
1 0.6474609375 0.3046875 0.01953125 0.111328125
1 0.7373046875 0.322265625 0.0205078125 0.109375
1 0.583984375 0.2841796875 0.0234375 0.0615234375
1 0.470703125 0.3544921875 0.0185546875 0.115234375
1 0.3466796875 0.3388671875 0.01953125 0.125
1 0.0849609375 0.5830078125 0.0771484375 0.201171875