0 0.6171875 0.470703125 0.015625 0.0244140625
1 0.498046875 0.6142578125 0.0390625 0.1650390625
1 0.4677734375 0.4970703125 0.0322265625 0.134765625
1 0.44140625 0.4912109375 0.0361328125 0.1201171875
1 0.484375 0.4462890625 0.0224609375 0.095703125
1 0.5400390625 0.3974609375 0.02734375 0.1025390625
1 0.7236328125 0.4609375 0.033203125 0.1328125
1 0.787109375 0.6630859375 0.048828125 0.212890625
1 0.1943359375 0.44921875 0.0234375 0.125
1 0.169921875 0.4599609375 0.0361328125 0.1201171875
1 0.4072265625 0.912109375 0.048828125 0.17578125