0 0.85546875 0.431640625 0.017578125 0.033203125
1 0.4853515625 0.3671875 0.05078125 0.158203125
1 0.4326171875 0.3994140625 0.0361328125 0.1728515625
1 0.4033203125 0.267578125 0.0302734375 0.123046875
1 0.46484375 0.2138671875 0.0322265625 0.12109375
1 0.8056640625 0.26171875 0.0244140625 0.1318359375
1 0.8876953125 0.3857421875 0.03125 0.185546875
1 0.455078125 0.8466796875 0.0791015625 0.2900390625
1 0.046875 0.388671875 0.0439453125 0.16796875
1 0.091796875 0.2900390625 0.03125 0.1298828125
1 0.1533203125 0.259765625 0.0322265625 0.125
1 0.962890625 0.7099609375 0.07421875 0.2509765625