1 0.318359375 0.4267578125 0.033203125 0.111328125
1 0.34375 0.3955078125 0.044921875 0.1025390625
1 0.291015625 0.376953125 0.03125 0.0771484375
1 0.3125 0.3583984375 0.021484375 0.0888671875
1 0.2275390625 0.4111328125 0.0263671875 0.103515625
1 0.2001953125 0.4228515625 0.0263671875 0.1044921875
1 0.2197265625 0.4501953125 0.0283203125 0.138671875
1 0.5263671875 0.55859375 0.048828125 0.162109375
1 0.6982421875 0.8955078125 0.060546875 0.208984375
1 0.103515625 0.412109375 0.025390625 0.1162109375
1 0.140625 0.3759765625 0.0322265625 0.111328125