0 0.7041015625 0.525390625 0.01953125 0.03515625
1 0.599609375 0.3046875 0.0283203125 0.146484375
1 0.5009765625 0.203125 0.02734375 0.1142578125
1 0.7314453125 0.4794921875 0.0517578125 0.2158203125
1 0.2568359375 0.3681640625 0.048828125 0.1591796875
1 0.1640625 0.3779296875 0.052734375 0.146484375
1 0.3330078125 0.7138671875 0.0693359375 0.2109375
1 0.4091796875 0.2392578125 0.0283203125 0.1220703125
1 0.248046875 0.244140625 0.029296875 0.1103515625
1 0.03125 0.279296875 0.0419921875 0.142578125
1 0.1064453125 0.638671875 0.068359375 0.1962890625
1 0.1748046875 0.748046875 0.060546875 0.2421875
1 0.083984375 0.7919921875 0.0654296875 0.24609375