0 0.5029296875 0.265625 0.015625 0.0205078125
1 0.4580078125 0.3828125 0.0458984375 0.154296875
1 0.4814453125 0.26171875 0.029296875 0.1025390625
1 0.50390625 0.2177734375 0.01953125 0.0947265625
1 0.8544921875 0.3955078125 0.0439453125 0.171875
1 0.9208984375 0.689453125 0.04296875 0.2705078125
1 0.8720703125 0.2626953125 0.0234375 0.1259765625
1 0.326171875 0.3271484375 0.03515625 0.126953125
1 0.3662109375 0.2958984375 0.041015625 0.1259765625
1 0.20703125 0.365234375 0.05078125 0.13671875
1 0.1484375 0.35546875 0.0419921875 0.1513671875
1 0.4423828125 0.876953125 0.06640625 0.224609375