0 0.6298828125 0.24609375 0.0126953125 0.0205078125
1 0.4794921875 0.416015625 0.052734375 0.1708984375
1 0.50390625 0.27734375 0.0361328125 0.111328125
1 0.712890625 0.2685546875 0.041015625 0.123046875
1 0.8603515625 0.271484375 0.0341796875 0.111328125
1 0.9111328125 0.333984375 0.0400390625 0.16015625
1 0.8486328125 0.77734375 0.0771484375 0.2978515625
1 0.7109375 0.8583984375 0.080078125 0.2822265625
1 0.6259765625 0.765625 0.0673828125 0.3017578125
1 0.427734375 0.375 0.0419921875 0.1728515625
1 0.3994140625 0.24609375 0.0341796875 0.1181640625
1 0.0625 0.7998046875 0.0634765625 0.3046875