0 0.2919921875 0.40625 0.015625 0.0205078125
1 0.4970703125 0.78125 0.0498046875 0.265625
1 0.716796875 0.74609375 0.0498046875 0.2041015625
1 0.7666015625 0.373046875 0.0263671875 0.119140625
1 0.732421875 0.330078125 0.0205078125 0.1142578125
1 0.66015625 0.3388671875 0.0224609375 0.1123046875
1 0.5751953125 0.341796875 0.0224609375 0.12109375
1 0.5966796875 0.30859375 0.021484375 0.1064453125
1 0.51171875 0.3310546875 0.0263671875 0.115234375
1 0.4873046875 0.330078125 0.0234375 0.08984375
1 0.333984375 0.3720703125 0.0439453125 0.107421875
1 0.29296875 0.3583984375 0.0341796875 0.1083984375