0 0.830078125 0.4521484375 0.0166015625 0.0283203125
1 0.880859375 0.419921875 0.0283203125 0.1650390625
1 0.810546875 0.3759765625 0.03125 0.126953125
1 0.52734375 0.431640625 0.05078125 0.1533203125
1 0.4697265625 0.2763671875 0.0263671875 0.099609375
1 0.4404296875 0.3525390625 0.0263671875 0.1318359375
1 0.392578125 0.34375 0.0224609375 0.1201171875
1 0.31640625 0.3818359375 0.03515625 0.14453125
1 0.44140625 0.6064453125 0.072265625 0.22265625
1 0.3408203125 0.7763671875 0.0615234375 0.2783203125
1 0.2802734375 0.5869140625 0.052734375 0.1923828125
1 0.2685546875 0.82421875 0.06640625 0.2724609375
1 0.275390625 0.90234375 0.064453125 0.1953125
1 0.486328125 0.9248046875 0.06640625 0.150390625
1 0.6416015625 0.83203125 0.0712890625 0.1318359375