0 0.310546875 0.419921875 0.0185546875 0.0283203125
1 0.3818359375 0.443359375 0.0615234375 0.1826171875
1 0.2998046875 0.359375 0.0380859375 0.1279296875
1 0.142578125 0.7392578125 0.068359375 0.2724609375
1 0.216796875 0.771484375 0.064453125 0.220703125
1 0.7861328125 0.8701171875 0.0556640625 0.2470703125
1 0.7685546875 0.736328125 0.0673828125 0.2822265625
1 0.9248046875 0.5751953125 0.0498046875 0.2294921875
1 0.921875 0.4345703125 0.0517578125 0.19140625
1 0.7763671875 0.3671875 0.044921875 0.1943359375
1 0.7724609375 0.28125 0.044921875 0.1328125