0 0.6767578125 0.5478515625 0.0166015625 0.029296875
1 0.6259765625 0.5263671875 0.0390625 0.146484375
1 0.607421875 0.51171875 0.048828125 0.1298828125
1 0.5439453125 0.4599609375 0.0458984375 0.11328125
1 0.544921875 0.6455078125 0.0498046875 0.1796875
1 0.7333984375 0.7353515625 0.064453125 0.2529296875
1 0.8515625 0.4814453125 0.03515625 0.14453125
1 0.6923828125 0.39453125 0.029296875 0.1064453125
1 0.1298828125 0.46484375 0.0244140625 0.1201171875
1 0.0576171875 0.4794921875 0.0400390625 0.1328125
1 0.3515625 0.9111328125 0.05859375 0.177734375