0 0.689453125 0.4990234375 0.017578125 0.03515625
1 0.16015625 0.419921875 0.046875 0.2041015625
1 0.021484375 0.4609375 0.04296875 0.169921875
1 0.0654296875 0.70703125 0.0595703125 0.2861328125
1 0.1611328125 0.759765625 0.072265625 0.244140625
1 0.701171875 0.857421875 0.0859375 0.28515625
1 0.880859375 0.7177734375 0.0732421875 0.2744140625
1 0.673828125 0.720703125 0.072265625 0.275390625
1 0.7880859375 0.4892578125 0.060546875 0.1904296875
1 0.8349609375 0.412109375 0.0498046875 0.16796875
1 0.8330078125 0.2548828125 0.0390625 0.115234375
1 0.9609375 0.3037109375 0.044921875 0.146484375
1 0.607421875 0.2919921875 0.037109375 0.138671875
1 0.4599609375 0.2451171875 0.0322265625 0.1220703125