0 0.15234375 0.439453125 0.0185546875 0.0263671875
1 0.1259765625 0.388671875 0.0537109375 0.154296875
1 0.4619140625 0.2841796875 0.02734375 0.115234375
1 0.4990234375 0.3505859375 0.029296875 0.1357421875
1 0.517578125 0.4658203125 0.04296875 0.16015625
1 0.5654296875 0.4208984375 0.0302734375 0.173828125
1 0.5888671875 0.322265625 0.03515625 0.1318359375
1 0.748046875 0.400390625 0.02734375 0.162109375
1 0.7685546875 0.3486328125 0.0244140625 0.1416015625
1 0.7216796875 0.326171875 0.0205078125 0.1201171875
1 0.96875 0.3408203125 0.0341796875 0.1298828125
1 0.7451171875 0.8330078125 0.0576171875 0.3115234375
1 0.9091796875 0.8232421875 0.0791015625 0.2666015625