0 0.3154296875 0.3310546875 0.013671875 0.0205078125
1 0.3876953125 0.45703125 0.0625 0.1513671875
1 0.5126953125 0.4052734375 0.0419921875 0.1572265625
1 0.6435546875 0.3623046875 0.02734375 0.123046875
1 0.6552734375 0.3388671875 0.0400390625 0.123046875
1 0.7763671875 0.310546875 0.0263671875 0.123046875
1 0.7509765625 0.716796875 0.060546875 0.2255859375
1 0.6123046875 0.751953125 0.0634765625 0.279296875
1 0.59765625 0.9228515625 0.0732421875 0.14453125
1 0.7470703125 0.869140625 0.08984375 0.154296875
1 0.3095703125 0.2978515625 0.0322265625 0.0751953125
1 0.4501953125 0.3154296875 0.0302734375 0.119140625
1 0.4794921875 0.298828125 0.0224609375 0.10546875
1 0.4990234375 0.291015625 0.017578125 0.1103515625
1 0.25390625 0.9169921875 0.0703125 0.166015625