0 0.6552734375 0.5 0.0146484375 0.025390625
1 0.08984375 0.4306640625 0.029296875 0.140625
1 0.068359375 0.5390625 0.0400390625 0.1640625
1 0.3330078125 0.490234375 0.0361328125 0.1640625
1 0.2431640625 0.4189453125 0.0341796875 0.1337890625
1 0.4677734375 0.404296875 0.0234375 0.1279296875
1 0.4560546875 0.392578125 0.017578125 0.1103515625
1 0.6103515625 0.482421875 0.0341796875 0.134765625
1 0.607421875 0.4580078125 0.0390625 0.1318359375
1 0.5791015625 0.38671875 0.025390625 0.1103515625
1 0.6435546875 0.716796875 0.0380859375 0.2021484375
1 0.5693359375 0.794921875 0.0625 0.208984375
1 0.5341796875 0.7802734375 0.0478515625 0.20703125
1 0.5087890625 0.87109375 0.0595703125 0.1923828125