0 0.3818359375 0.50390625 0.013671875 0.0234375
1 0.06640625 0.6865234375 0.0615234375 0.2314453125
1 0.11328125 0.4951171875 0.0341796875 0.1572265625
1 0.162109375 0.4443359375 0.025390625 0.138671875
1 0.2607421875 0.5712890625 0.0302734375 0.1630859375
1 0.2783203125 0.4453125 0.02734375 0.1328125
1 0.3935546875 0.4609375 0.0361328125 0.1259765625
1 0.4912109375 0.4453125 0.025390625 0.109375
1 0.712890625 0.412109375 0.0234375 0.115234375
1 0.8701171875 0.7607421875 0.0576171875 0.2392578125
1 0.9326171875 0.783203125 0.0546875 0.2548828125