0 0.341796875 0.248046875 0.015625 0.033203125
1 0.265625 0.4375 0.0458984375 0.1416015625
1 0.1484375 0.5498046875 0.0546875 0.1611328125
1 0.3544921875 0.8251953125 0.0615234375 0.291015625
1 0.6328125 0.751953125 0.064453125 0.2470703125
1 0.47265625 0.44140625 0.041015625 0.1494140625
1 0.474609375 0.353515625 0.0263671875 0.0791015625
1 0.412109375 0.32421875 0.029296875 0.1015625
1 0.4833984375 0.31640625 0.0244140625 0.10546875
1 0.595703125 0.37109375 0.0283203125 0.12109375
1 0.7451171875 0.37890625 0.0322265625 0.1240234375
1 0.7314453125 0.328125 0.0234375 0.107421875
1 0.2841796875 0.931640625 0.068359375 0.13671875
1 0.5546875 0.9375 0.0791015625 0.1240234375
1 0.708984375 0.873046875 0.0703125 0.138671875