0 0.7060546875 0.326171875 0.015625 0.021484375
1 0.62890625 0.462890625 0.0673828125 0.1640625
1 0.4931640625 0.40625 0.0458984375 0.169921875
1 0.3525390625 0.3603515625 0.029296875 0.1337890625
1 0.33984375 0.3349609375 0.04296875 0.1328125
1 0.208984375 0.3037109375 0.0283203125 0.1328125
1 0.2373046875 0.7431640625 0.0654296875 0.2431640625
1 0.38671875 0.78125 0.068359375 0.30078125
1 0.40234375 0.943359375 0.0791015625 0.11328125
1 0.2412109375 0.9072265625 0.0966796875 0.1669921875
1 0.712890625 0.291015625 0.03515625 0.0810546875
1 0.560546875 0.3095703125 0.0322265625 0.12890625
1 0.529296875 0.291015625 0.0244140625 0.1142578125
1 0.5087890625 0.283203125 0.01953125 0.1201171875
1 0.7724609375 0.935546875 0.076171875 0.12890625