0 0.46484375 0.51953125 0.017578125 0.03515625
1 0.3154296875 0.4482421875 0.068359375 0.1650390625
1 0.40234375 0.361328125 0.03515625 0.1513671875
1 0.4833984375 0.2109375 0.0341796875 0.1123046875
1 0.5947265625 0.2392578125 0.037109375 0.1103515625
1 0.7529296875 0.3544921875 0.0419921875 0.1552734375
1 0.7529296875 0.2822265625 0.0302734375 0.125
1 0.779296875 0.244140625 0.037109375 0.12109375
1 0.9580078125 0.396484375 0.0439453125 0.173828125
1 0.7392578125 0.642578125 0.0693359375 0.2275390625
1 0.6533203125 0.7265625 0.06640625 0.2138671875
1 0.123046875 0.880859375 0.0791015625 0.23828125
1 0.8046875 0.734375 0.072265625 0.2314453125
1 0.90625 0.7763671875 0.0791015625 0.28125
1 0.9833984375 0.279296875 0.033203125 0.1328125