0 0.486328125 0.4482421875 0.0185546875 0.0244140625
1 0.318359375 0.2998046875 0.03125 0.123046875
1 0.12109375 0.5234375 0.0458984375 0.1943359375
1 0.43359375 0.6162109375 0.0439453125 0.2607421875
1 0.5537109375 0.671875 0.0380859375 0.25
1 0.5087890625 0.7265625 0.048828125 0.2060546875
1 0.45703125 0.408203125 0.0390625 0.16015625
1 0.5927734375 0.3349609375 0.0576171875 0.1357421875
1 0.5791015625 0.30078125 0.0224609375 0.107421875
1 0.76171875 0.3291015625 0.0302734375 0.14453125
1 0.78515625 0.484375 0.0546875 0.212890625
1 0.9228515625 0.310546875 0.037109375 0.1298828125