0 0.3154296875 0.5029296875 0.021484375 0.0380859375
1 0.4287109375 0.263671875 0.03125 0.1591796875
1 0.53515625 0.1533203125 0.029296875 0.1240234375
1 0.28515625 0.4541015625 0.0556640625 0.234375
1 0.7998046875 0.3330078125 0.052734375 0.1728515625
1 0.900390625 0.3427734375 0.056640625 0.1591796875
1 0.716796875 0.7080078125 0.0751953125 0.228515625
1 0.634765625 0.193359375 0.03125 0.1328125
1 0.8095703125 0.197265625 0.0322265625 0.1201171875
1 0.962890625 0.6259765625 0.0732421875 0.212890625
1 0.8896484375 0.7451171875 0.06640625 0.2626953125
1 0.9755859375 0.79296875 0.0478515625 0.267578125