1 0.8896484375 0.6923828125 0.0654296875 0.2216796875
1 0.013671875 0.46484375 0.02734375 0.1328125
1 0.7412109375 0.44921875 0.03515625 0.123046875
1 0.6494140625 0.7861328125 0.048828125 0.248046875
1 0.1826171875 0.369140625 0.025390625 0.1103515625
1 0.412109375 0.44140625 0.0400390625 0.1318359375
1 0.5458984375 0.3349609375 0.02734375 0.083984375
1 0.947265625 0.35546875 0.0263671875 0.0986328125
1 0.595703125 0.349609375 0.025390625 0.0859375
1 0.515625 0.9287109375 0.0546875 0.142578125
1 0.248046875 0.87109375 0.0625 0.201171875
1 0.4228515625 0.4326171875 0.02734375 0.1357421875
0 0.58984375 0.38671875 0.013671875 0.0185546875
1 0.5966796875 0.7685546875 0.064453125 0.134765625
1 0.357421875 0.939453125 0.0595703125 0.1201171875
1 0.4140625 0.935546875 0.05078125 0.12890625
1 0.4638671875 0.9306640625 0.0458984375 0.138671875
1 0.703125 0.8828125 0.056640625 0.1259765625
1 0.7783203125 0.8828125 0.06640625 0.138671875
1 0.880859375 0.8701171875 0.0703125 0.13671875
1 0.953125 0.865234375 0.064453125 0.1455078125