1 0.583984375 0.6103515625 0.044921875 0.208984375
1 0.150390625 0.453125 0.044921875 0.1533203125
1 0.748046875 0.283203125 0.033203125 0.1064453125
1 0.5732421875 0.365234375 0.0390625 0.1201171875
1 0.53125 0.435546875 0.0341796875 0.134765625
1 0.810546875 0.39453125 0.0244140625 0.14453125
1 0.48046875 0.2607421875 0.0224609375 0.08984375
0 0.7890625 0.4404296875 0.015625 0.02734375
1 0.4013671875 0.3798828125 0.0302734375 0.12109375
1 0.4091796875 0.3671875 0.0205078125 0.107421875
1 0.3984375 0.3115234375 0.025390625 0.08984375