1 0.1572265625 0.5673828125 0.037109375 0.1259765625
1 0.1796875 0.8134765625 0.0537109375 0.201171875
1 0.7255859375 0.4833984375 0.0283203125 0.1083984375
1 0.3662109375 0.4453125 0.033203125 0.0810546875
1 0.0869140625 0.439453125 0.0263671875 0.0791015625
1 0.7880859375 0.4375 0.025390625 0.09375
1 0.498046875 0.509765625 0.0322265625 0.1171875
1 0.41796875 0.419921875 0.021484375 0.0791015625
1 0.2080078125 0.396484375 0.0234375 0.0751953125
1 0.166015625 0.4423828125 0.0224609375 0.0859375
1 0.2900390625 0.8056640625 0.0458984375 0.125
0 0.392578125 0.4814453125 0.01171875 0.021484375