1 0.412109375 0.361328125 0.0263671875 0.1162109375
1 0.5419921875 0.3896484375 0.0322265625 0.115234375
1 0.7275390625 0.408203125 0.0390625 0.1376953125
1 0.4609375 0.3173828125 0.0322265625 0.080078125
1 0.1484375 0.4072265625 0.03125 0.126953125
1 0.0986328125 0.623046875 0.041015625 0.158203125
1 0.33984375 0.341796875 0.01953125 0.083984375
1 0.1572265625 0.6572265625 0.0517578125 0.12890625
1 0.1796875 0.3154296875 0.0185546875 0.0849609375
0 0.439453125 0.3271484375 0.009765625 0.0205078125
1 0.4677734375 0.2939453125 0.0205078125 0.0693359375