1 0.9140625 0.70703125 0.0625 0.2138671875
1 0.0615234375 0.486328125 0.0390625 0.1279296875
1 0.7705078125 0.4716796875 0.0341796875 0.119140625
1 0.6826171875 0.7978515625 0.046875 0.240234375
1 0.23046875 0.39453125 0.0244140625 0.107421875
1 0.4521484375 0.4638671875 0.0390625 0.126953125
1 0.58203125 0.361328125 0.02734375 0.0810546875
1 0.9697265625 0.3818359375 0.025390625 0.095703125
1 0.630859375 0.375 0.0244140625 0.0830078125
1 0.552734375 0.93359375 0.0537109375 0.1328125
1 0.2939453125 0.880859375 0.060546875 0.1953125
1 0.462890625 0.455078125 0.0263671875 0.130859375
0 0.6240234375 0.4111328125 0.013671875 0.017578125
1 0.01171875 0.4404296875 0.0234375 0.111328125
1 0.630859375 0.78125 0.0625 0.130859375
1 0.3984375 0.943359375 0.05859375 0.11328125
1 0.4541015625 0.9404296875 0.048828125 0.1181640625
1 0.501953125 0.935546875 0.044921875 0.12890625
1 0.7333984375 0.8916015625 0.0546875 0.1220703125
1 0.8076171875 0.8916015625 0.0634765625 0.134765625
1 0.90625 0.87890625 0.0673828125 0.1328125
1 0.9716796875 0.873046875 0.056640625 0.140625