1 0.3505859375 0.611328125 0.0419921875 0.1396484375
1 0.1083984375 0.6806640625 0.03515625 0.1494140625
1 0.865234375 0.5810546875 0.060546875 0.1572265625
1 0.1884765625 0.583984375 0.0283203125 0.12109375
1 0.4990234375 0.529296875 0.0244140625 0.111328125
1 0.822265625 0.458984375 0.0244140625 0.0947265625
1 0.2177734375 0.5048828125 0.025390625 0.1015625
1 0.50390625 0.4365234375 0.01953125 0.0810546875
1 0.90625 0.80859375 0.0458984375 0.15625
1 0.8681640625 0.5322265625 0.03515625 0.123046875
0 0.83984375 0.642578125 0.017578125 0.0400390625