1 0.8740234375 0.6953125 0.041015625 0.1650390625
1 0.5234375 0.9482421875 0.056640625 0.103515625
1 0.04296875 0.4814453125 0.0224609375 0.09765625
1 0.2783203125 0.490234375 0.025390625 0.0908203125
1 0.322265625 0.5107421875 0.0205078125 0.09375
1 0.3935546875 0.466796875 0.0185546875 0.0859375
1 0.4365234375 0.42578125 0.0166015625 0.0732421875
1 0.5302734375 0.498046875 0.02734375 0.0888671875
1 0.1103515625 0.9052734375 0.068359375 0.189453125
1 0.5166015625 0.5234375 0.033203125 0.09375
0 0.490234375 0.548828125 0.0146484375 0.0244140625
1 0.255859375 0.4921875 0.029296875 0.1015625