1 0.181640625 0.6435546875 0.05078125 0.1689453125
1 0.7509765625 0.7412109375 0.0517578125 0.1962890625
1 0.5869140625 0.82421875 0.0537109375 0.2431640625
1 0.6328125 0.7216796875 0.044921875 0.2109375
1 0.681640625 0.5634765625 0.033203125 0.1435546875
1 0.3134765625 0.849609375 0.0478515625 0.1865234375
1 0.4453125 0.5009765625 0.033203125 0.1298828125
1 0.361328125 0.43359375 0.033203125 0.1025390625
1 0.853515625 0.396484375 0.025390625 0.0966796875
1 0.314453125 0.5009765625 0.029296875 0.125
1 0.26171875 0.52734375 0.029296875 0.1318359375
1 0.1142578125 0.9140625 0.056640625 0.146484375
1 0.533203125 0.4501953125 0.0302734375 0.1220703125
0 0.3076171875 0.5625 0.0126953125 0.0205078125
1 0.53125 0.4443359375 0.0380859375 0.1181640625