1 0.505859375 0.515625 0.03125 0.1123046875
1 0.71875 0.79296875 0.04296875 0.1865234375
1 0.392578125 0.396484375 0.0283203125 0.080078125
1 0.6474609375 0.74609375 0.044921875 0.1962890625
1 0.5478515625 0.4140625 0.0244140625 0.0947265625
1 0.7626953125 0.419921875 0.0244140625 0.08984375
1 0.322265625 0.5107421875 0.0263671875 0.1083984375
1 0.2744140625 0.427734375 0.025390625 0.0869140625
1 0.1435546875 0.494140625 0.03515625 0.111328125
0 0.494140625 0.5576171875 0.009765625 0.0234375
1 0.33984375 0.494140625 0.0263671875 0.1162109375
1 0.1435546875 0.490234375 0.0166015625 0.1259765625