1 0.7705078125 0.9072265625 0.052734375 0.185546875
1 0.5595703125 0.837890625 0.0390625 0.240234375
1 0.4345703125 0.7470703125 0.04296875 0.1953125
1 0.4892578125 0.7666015625 0.044921875 0.1943359375
1 0.7138671875 0.8916015625 0.0517578125 0.1962890625
1 0.9755859375 0.5634765625 0.048828125 0.1298828125
1 0.287109375 0.564453125 0.0419921875 0.13671875
1 0.494140625 0.4150390625 0.02734375 0.083984375
1 0.23828125 0.4345703125 0.0244140625 0.107421875
1 0.6640625 0.4404296875 0.01953125 0.0908203125
1 0.3525390625 0.4736328125 0.021484375 0.09765625
1 0.5615234375 0.447265625 0.0283203125 0.1123046875
1 0.572265625 0.4248046875 0.025390625 0.0947265625
1 0.2216796875 0.4130859375 0.021484375 0.083984375