1 0.564453125 0.7763671875 0.0556640625 0.1884765625
1 0.3779296875 0.9140625 0.0576171875 0.1591796875
1 0.49609375 0.9150390625 0.0419921875 0.1640625
1 0.7197265625 0.5263671875 0.0478515625 0.111328125
1 0.6748046875 0.623046875 0.0322265625 0.15625
1 0.439453125 0.6005859375 0.0341796875 0.1337890625
1 0.576171875 0.48828125 0.0322265625 0.091796875
1 0.931640625 0.443359375 0.025390625 0.0927734375
1 0.64453125 0.4638671875 0.0244140625 0.087890625
1 0.80078125 0.46875 0.0185546875 0.0908203125
1 0.619140625 0.4169921875 0.025390625 0.076171875
1 0.3681640625 0.4794921875 0.0263671875 0.087890625
0 0.595703125 0.525390625 0.0126953125 0.01953125