1 0.7275390625 0.4833984375 0.02734375 0.1171875
1 0.9638671875 0.4775390625 0.0341796875 0.1220703125
1 0.2998046875 0.7041015625 0.037109375 0.1416015625
1 0.4853515625 0.4208984375 0.029296875 0.072265625
1 0.138671875 0.427734375 0.021484375 0.0810546875
1 0.5517578125 0.46484375 0.025390625 0.1025390625
1 0.4619140625 0.3896484375 0.017578125 0.0703125
1 0.59765625 0.3662109375 0.0185546875 0.064453125
1 0.54296875 0.4189453125 0.021484375 0.0791015625
1 0.546875 0.380859375 0.0205078125 0.06640625
0 0.5966796875 0.3955078125 0.01171875 0.017578125