1 0.7998046875 0.447265625 0.0439453125 0.166015625
1 0.67578125 0.326171875 0.0390625 0.1181640625
1 0.5029296875 0.3759765625 0.033203125 0.1279296875
1 0.330078125 0.3310546875 0.0302734375 0.1025390625
1 0.837890625 0.3076171875 0.029296875 0.10546875
1 0.59375 0.265625 0.02734375 0.0859375
1 0.2080078125 0.2724609375 0.025390625 0.1005859375
1 0.3798828125 0.310546875 0.0283203125 0.0966796875
1 0.568359375 0.7119140625 0.0546875 0.1630859375
0 0.548828125 0.2734375 0.01171875 0.0185546875
1 0.373046875 0.2978515625 0.03125 0.1103515625