1 0.5654296875 0.837890625 0.0419921875 0.2255859375
1 0.4912109375 0.810546875 0.048828125 0.212890625
1 0.7744140625 0.4755859375 0.03515625 0.12890625
1 0.2392578125 0.4306640625 0.0361328125 0.1064453125
1 0.65234375 0.87890625 0.0537109375 0.1435546875
1 0.49609375 0.4423828125 0.03125 0.09375
1 0.609375 0.390625 0.021484375 0.07421875
1 0.4287109375 0.37890625 0.017578125 0.083984375
0 0.6259765625 0.4150390625 0.0087890625 0.017578125
1 0.4833984375 0.380859375 0.029296875 0.1044921875
1 0.48046875 0.4462890625 0.037109375 0.10546875
1 0.265625 0.390625 0.0234375 0.095703125