1 0.6513671875 0.533203125 0.0615234375 0.2197265625
1 0.517578125 0.5888671875 0.05078125 0.22265625
1 0.830078125 0.3017578125 0.0458984375 0.1201171875
1 0.046875 0.265625 0.0390625 0.123046875
1 0.7548828125 0.4462890625 0.0361328125 0.1728515625
1 0.79296875 0.5517578125 0.0634765625 0.203125
1 0.6015625 0.267578125 0.0322265625 0.1171875
1 0.5625 0.2685546875 0.029296875 0.1201171875
1 0.744140625 0.2626953125 0.0419921875 0.0908203125
1 0.67578125 0.2392578125 0.033203125 0.0947265625
1 0.62890625 0.2431640625 0.0234375 0.0888671875
1 0.021484375 0.7470703125 0.04296875 0.22265625
1 0.310546875 0.1875 0.0205078125 0.0791015625
0 0.689453125 0.267578125 0.0146484375 0.0205078125
1 0.6826171875 0.220703125 0.013671875 0.0791015625