1 0.7080078125 0.53515625 0.0498046875 0.1884765625
1 0.7958984375 0.4560546875 0.0341796875 0.1640625
1 0.6123046875 0.576171875 0.0322265625 0.1845703125
1 0.6162109375 0.26953125 0.029296875 0.1005859375
1 0.3701171875 0.3466796875 0.0302734375 0.1220703125
1 0.556640625 0.3232421875 0.03125 0.109375
1 0.4736328125 0.3349609375 0.02734375 0.109375
1 0.3037109375 0.2939453125 0.021484375 0.107421875
1 0.7216796875 0.255859375 0.01953125 0.0888671875
1 0.337890625 0.2802734375 0.0244140625 0.0966796875
1 0.6767578125 0.25390625 0.0205078125 0.09765625
1 0.04296875 0.2666015625 0.0380859375 0.0986328125
0 0.1044921875 0.3056640625 0.0146484375 0.021484375