1 0.595703125 0.8994140625 0.0556640625 0.201171875
1 0.7890625 0.564453125 0.03515625 0.1396484375
1 0.478515625 0.564453125 0.0341796875 0.1240234375
1 0.1357421875 0.654296875 0.0419921875 0.1572265625
1 0.607421875 0.564453125 0.033203125 0.1318359375
1 0.8603515625 0.4541015625 0.021484375 0.0966796875
1 0.3251953125 0.4599609375 0.0205078125 0.09765625
1 0.103515625 0.5888671875 0.025390625 0.1259765625
1 0.470703125 0.4599609375 0.017578125 0.0859375
1 0.5458984375 0.4140625 0.021484375 0.07421875
0 0.5380859375 0.4521484375 0.0087890625 0.017578125