1 0.724609375 0.828125 0.052734375 0.2138671875
1 0.6044921875 0.7978515625 0.0478515625 0.208984375
1 0.0810546875 0.5546875 0.03125 0.1396484375
1 0.501953125 0.537109375 0.0341796875 0.119140625
1 0.349609375 0.5673828125 0.0537109375 0.1298828125
1 0.47265625 0.92578125 0.06640625 0.1484375
1 0.55078125 0.4775390625 0.0341796875 0.0986328125
1 0.587890625 0.4287109375 0.0166015625 0.0810546875
1 0.71484375 0.4619140625 0.0166015625 0.0830078125
1 0.3623046875 0.51171875 0.0205078125 0.091796875
1 0.3623046875 0.486328125 0.0380859375 0.1044921875
1 0.7041015625 0.4990234375 0.02734375 0.1064453125