1 0.1669921875 0.5712890625 0.0244140625 0.103515625
1 0.0439453125 0.5263671875 0.025390625 0.09765625
1 0.2060546875 0.505859375 0.0244140625 0.0908203125
1 0.76171875 0.5234375 0.0263671875 0.107421875
1 0.3701171875 0.5 0.02734375 0.09765625
1 0.1103515625 0.8662109375 0.060546875 0.1943359375
1 0.587890625 0.5244140625 0.0234375 0.0986328125
1 0.6142578125 0.5419921875 0.0224609375 0.11328125
1 0.9013671875 0.912109375 0.05859375 0.1689453125
1 0.076171875 0.7265625 0.0478515625 0.15234375
0 0.458984375 0.5810546875 0.0087890625 0.015625