1 0.3916015625 0.7626953125 0.052734375 0.224609375
1 0.4580078125 0.73046875 0.0478515625 0.2158203125
1 0.306640625 0.837890625 0.0517578125 0.2685546875
1 0.7509765625 0.4912109375 0.033203125 0.1396484375
1 0.3583984375 0.40234375 0.0322265625 0.115234375
1 0.234375 0.3994140625 0.0283203125 0.107421875
1 0.546875 0.4052734375 0.0244140625 0.10546875
1 0.3994140625 0.373046875 0.0283203125 0.099609375
1 0.6552734375 0.3642578125 0.0302734375 0.1171875
1 0.3203125 0.3828125 0.01953125 0.103515625
0 0.9228515625 0.5029296875 0.0146484375 0.0263671875
1 0.6630859375 0.3359375 0.0185546875 0.07421875