1 0.7158203125 0.5302734375 0.052734375 0.1552734375
1 0.5986328125 0.78515625 0.072265625 0.1494140625
1 0.833984375 0.65234375 0.068359375 0.2099609375
1 0.3876953125 0.48828125 0.03125 0.154296875
1 0.6904296875 0.349609375 0.0283203125 0.1015625
1 0.1826171875 0.4072265625 0.03125 0.115234375
1 0.85546875 0.3974609375 0.0244140625 0.103515625
1 0.9130859375 0.3349609375 0.021484375 0.09375
1 0.2119140625 0.3837890625 0.0283203125 0.1103515625
1 0.4775390625 0.3623046875 0.033203125 0.1083984375
0 0.818359375 0.4306640625 0.0146484375 0.03125
1 0.48828125 0.373046875 0.0244140625 0.1162109375