1 0.099609375 0.35546875 0.037109375 0.1201171875
1 0.4765625 0.63671875 0.0478515625 0.142578125
1 0.931640625 0.373046875 0.0361328125 0.1259765625
1 0.5400390625 0.4619140625 0.029296875 0.1513671875
1 0.75390625 0.75390625 0.0751953125 0.1494140625
1 0.8359375 0.3701171875 0.029296875 0.1171875
1 0.7939453125 0.330078125 0.025390625 0.0927734375
1 0.69140625 0.2841796875 0.0224609375 0.0791015625
1 0.9892578125 0.4765625 0.0205078125 0.1337890625
1 0.41796875 0.7431640625 0.0576171875 0.1572265625
0 0.494140625 0.66796875 0.015625 0.0283203125