1 0.80078125 0.5888671875 0.0419921875 0.1279296875
1 0.3056640625 0.576171875 0.0322265625 0.115234375
1 0.4482421875 0.525390625 0.021484375 0.099609375
1 0.23046875 0.5185546875 0.0224609375 0.0947265625
1 0.5361328125 0.509765625 0.0244140625 0.0810546875
1 0.177734375 0.5166015625 0.0224609375 0.07421875
1 0.3369140625 0.4833984375 0.01953125 0.0791015625
1 0.119140625 0.880859375 0.064453125 0.205078125
1 0.2802734375 0.4765625 0.0244140625 0.0732421875
0 0.3056640625 0.4716796875 0.0078125 0.013671875
1 0.3115234375 0.4462890625 0.0224609375 0.0673828125