1 0.6875 0.521484375 0.060546875 0.2177734375
1 0.5556640625 0.576171875 0.0498046875 0.2197265625
1 0.8642578125 0.29296875 0.0458984375 0.119140625
1 0.0908203125 0.2568359375 0.0380859375 0.1220703125
1 0.7900390625 0.435546875 0.0361328125 0.1708984375
1 0.828125 0.5400390625 0.0625 0.2001953125
1 0.638671875 0.2587890625 0.0322265625 0.1162109375
1 0.6005859375 0.259765625 0.029296875 0.119140625
1 0.7802734375 0.25390625 0.0419921875 0.08984375
1 0.7119140625 0.2314453125 0.0322265625 0.09375
1 0.666015625 0.234375 0.0234375 0.087890625
1 0.0595703125 0.7333984375 0.0546875 0.2197265625
1 0.3505859375 0.1796875 0.0205078125 0.078125
0 0.7255859375 0.2587890625 0.013671875 0.0205078125
1 0.71875 0.2119140625 0.013671875 0.078125