1 0.1298828125 0.466796875 0.04296875 0.1552734375
1 0.6240234375 0.5966796875 0.0361328125 0.18359375
1 0.4443359375 0.4482421875 0.02734375 0.1318359375
1 0.3447265625 0.333984375 0.03125 0.0908203125
1 0.734375 0.3447265625 0.03515625 0.0732421875
1 0.4228515625 0.3056640625 0.0146484375 0.08984375
1 0.5859375 0.3603515625 0.021484375 0.1123046875
0 0.7216796875 0.3623046875 0.013671875 0.0244140625
1 0.908203125 0.44921875 0.033203125 0.1611328125
1 0.4521484375 0.376953125 0.0244140625 0.11328125
1 0.4384765625 0.3486328125 0.0185546875 0.078125