1 0.244140625 0.599609375 0.03515625 0.1171875
1 0.6689453125 0.78515625 0.037109375 0.1533203125
1 0.6630859375 0.6064453125 0.0263671875 0.125
1 0.3046875 0.5654296875 0.0205078125 0.1064453125
1 0.5400390625 0.505859375 0.01953125 0.0927734375
1 0.86328125 0.5625 0.0400390625 0.0703125
1 0.62109375 0.4775390625 0.01953125 0.0830078125
1 0.4453125 0.537109375 0.0283203125 0.10546875
1 0.6015625 0.76171875 0.03125 0.181640625
1 0.67578125 0.52734375 0.0205078125 0.1083984375
1 0.4384765625 0.5087890625 0.0205078125 0.1064453125