1 0.271484375 0.6083984375 0.0556640625 0.2109375
1 0.1884765625 0.6123046875 0.041015625 0.1865234375
1 0.6572265625 0.45703125 0.04296875 0.1494140625
1 0.404296875 0.6552734375 0.0302734375 0.21484375
1 0.615234375 0.3701171875 0.0322265625 0.1201171875
1 0.2587890625 0.2822265625 0.0234375 0.095703125
1 0.7236328125 0.2890625 0.0263671875 0.0966796875
1 0.3984375 0.3525390625 0.021484375 0.1181640625
1 0.330078125 0.267578125 0.021484375 0.0927734375
1 0.5859375 0.2861328125 0.0302734375 0.1064453125
1 0.90234375 0.2802734375 0.0341796875 0.095703125
0 0.890625 0.3271484375 0.01171875 0.01953125
1 0.3955078125 0.26953125 0.021484375 0.0947265625