1 0.2197265625 0.623046875 0.037109375 0.125
1 0.669921875 0.8203125 0.0400390625 0.1630859375
1 0.6640625 0.6298828125 0.0283203125 0.1328125
1 0.2841796875 0.5869140625 0.0224609375 0.11328125
1 0.533203125 0.5234375 0.0205078125 0.0986328125
1 0.8759765625 0.583984375 0.0419921875 0.07421875
1 0.619140625 0.494140625 0.0205078125 0.0888671875
1 0.43359375 0.556640625 0.0302734375 0.1123046875
1 0.5986328125 0.7958984375 0.033203125 0.1923828125
1 0.677734375 0.546875 0.021484375 0.1142578125
1 0.42578125 0.52734375 0.021484375 0.1123046875