1 0.224609375 0.5029296875 0.048828125 0.2109375
1 0.3056640625 0.5400390625 0.0458984375 0.216796875
1 0.4287109375 0.388671875 0.0498046875 0.1552734375
1 0.7080078125 0.3935546875 0.0380859375 0.1689453125
1 0.505859375 0.3720703125 0.0361328125 0.166015625
1 0.66796875 0.2412109375 0.0400390625 0.1103515625
1 0.318359375 0.24609375 0.0244140625 0.1318359375
1 0.537109375 0.2265625 0.0205078125 0.1064453125
1 0.181640625 0.1923828125 0.025390625 0.1044921875
1 0.1396484375 0.259765625 0.0244140625 0.1220703125
1 0.126953125 0.388671875 0.0380859375 0.1396484375
0 0.65625 0.291015625 0.0166015625 0.0234375