1 0.7998046875 0.521484375 0.0400390625 0.134765625
1 0.244140625 0.4091796875 0.0341796875 0.1162109375
1 0.310546875 0.4404296875 0.0361328125 0.099609375
1 0.0673828125 0.455078125 0.0390625 0.109375
1 0.7236328125 0.392578125 0.0234375 0.107421875
1 0.1552734375 0.359375 0.0205078125 0.0859375
1 0.3798828125 0.5185546875 0.033203125 0.1435546875
0 0.1279296875 0.4775390625 0.0126953125 0.0224609375
1 0.09765625 0.4501953125 0.04296875 0.107421875
1 0.0498046875 0.3701171875 0.037109375 0.1123046875
1 0.1171875 0.83203125 0.0849609375 0.1318359375
1 0.466796875 0.810546875 0.056640625 0.1318359375
1 0.560546875 0.9404296875 0.0537109375 0.1181640625
1 0.619140625 0.95703125 0.052734375 0.0849609375
1 0.8447265625 0.87890625 0.0888671875 0.130859375
1 0.7255859375 0.9677734375 0.052734375 0.064453125
1 0.6708984375 0.9541015625 0.0478515625 0.0908203125
1 0.90625 0.9765625 0.06640625 0.046875
1 0.96875 0.9775390625 0.0546875 0.044921875