1 0.328125 0.8076171875 0.0556640625 0.2099609375
1 0.2275390625 0.884765625 0.046875 0.23046875
1 0.134765625 0.931640625 0.0634765625 0.1357421875
1 0.388671875 0.435546875 0.033203125 0.1103515625
1 0.2470703125 0.4560546875 0.025390625 0.109375
1 0.8046875 0.478515625 0.0283203125 0.1162109375
1 0.4892578125 0.439453125 0.0234375 0.099609375
1 0.3515625 0.4189453125 0.0234375 0.1005859375
1 0.3212890625 0.423828125 0.0234375 0.1005859375
1 0.587890625 0.39453125 0.0244140625 0.0791015625
1 0.626953125 0.4208984375 0.021484375 0.103515625
0 0.80078125 0.5146484375 0.0087890625 0.0166015625