1 0.892578125 0.4501953125 0.0478515625 0.1708984375
1 0.349609375 0.5927734375 0.0390625 0.201171875
1 0.546875 0.4296875 0.0302734375 0.14453125
1 0.6572265625 0.3046875 0.0341796875 0.099609375
1 0.228515625 0.31640625 0.0390625 0.080078125
1 0.5703125 0.2734375 0.0166015625 0.0986328125
1 0.3916015625 0.333984375 0.0244140625 0.123046875
0 0.2431640625 0.3349609375 0.0146484375 0.02734375
1 0.037109375 0.4306640625 0.0361328125 0.1767578125
1 0.5380859375 0.3515625 0.02734375 0.1240234375
1 0.5537109375 0.3203125 0.0205078125 0.0859375