1 0.853515625 0.572265625 0.037109375 0.1279296875
1 0.8310546875 0.8212890625 0.0546875 0.203125
1 0.279296875 0.4873046875 0.0283203125 0.109375
1 0.642578125 0.44921875 0.033203125 0.08203125
1 0.9248046875 0.443359375 0.0263671875 0.0791015625
1 0.2158203125 0.44140625 0.0263671875 0.0947265625
1 0.509765625 0.5146484375 0.0322265625 0.1181640625
1 0.58984375 0.423828125 0.021484375 0.080078125
1 0.8017578125 0.3994140625 0.0234375 0.0751953125
1 0.84375 0.4462890625 0.0224609375 0.0869140625
1 0.7197265625 0.8134765625 0.0458984375 0.1259765625
0 0.615234375 0.486328125 0.01171875 0.021484375