1 0.19921875 0.630859375 0.0615234375 0.1455078125
1 0.275390625 0.33984375 0.0302734375 0.1025390625
1 0.1328125 0.375 0.0283203125 0.103515625
1 0.4013671875 0.380859375 0.0263671875 0.1142578125
1 0.6943359375 0.36328125 0.0224609375 0.107421875
1 0.09375 0.3544921875 0.03125 0.111328125
1 0.3525390625 0.322265625 0.0263671875 0.091796875
1 0.6533203125 0.3818359375 0.0234375 0.11328125
1 0.138671875 0.611328125 0.0419921875 0.1513671875
0 0.3017578125 0.3681640625 0.01171875 0.0185546875
1 0.38671875 0.2958984375 0.029296875 0.09375
1 0.353515625 0.2861328125 0.0224609375 0.0791015625