1 0.46484375 0.5166015625 0.0263671875 0.1123046875
1 0.1669921875 0.568359375 0.03125 0.140625
1 0.375 0.556640625 0.048828125 0.142578125
1 0.857421875 0.8251953125 0.0615234375 0.2060546875
1 0.6572265625 0.52734375 0.0419921875 0.126953125
1 0.5810546875 0.4951171875 0.0244140625 0.103515625
1 0.80078125 0.4619140625 0.0234375 0.0810546875
1 0.6650390625 0.4091796875 0.01953125 0.0712890625
1 0.630859375 0.509765625 0.041015625 0.1201171875
1 0.66015625 0.5 0.048828125 0.076171875
0 0.6337890625 0.548828125 0.0146484375 0.0283203125