1 0.830078125 0.70703125 0.064453125 0.1904296875
1 0.31640625 0.8984375 0.064453125 0.18359375
1 0.6806640625 0.83203125 0.0478515625 0.244140625
1 0.8505859375 0.51171875 0.02734375 0.1181640625
1 0.25390625 0.517578125 0.0263671875 0.1162109375
1 0.5517578125 0.4814453125 0.02734375 0.12109375
1 0.341796875 0.4775390625 0.0341796875 0.11328125
1 0.69921875 0.4287109375 0.0205078125 0.09375
1 0.962890625 0.4248046875 0.025390625 0.09375
1 0.4580078125 0.4619140625 0.0283203125 0.0947265625
1 0.22265625 0.4638671875 0.01953125 0.1083984375
1 0.3125 0.42578125 0.01953125 0.0810546875
0 0.44921875 0.505859375 0.01171875 0.0185546875