1 0.5390625 0.34375 0.0283203125 0.099609375
1 0.3779296875 0.357421875 0.0380859375 0.0830078125
1 0.6474609375 0.474609375 0.02734375 0.1376953125
1 0.7646484375 0.32421875 0.025390625 0.09765625
1 0.216796875 0.32421875 0.0224609375 0.08984375
1 0.5673828125 0.4091796875 0.025390625 0.123046875
1 0.32421875 0.349609375 0.0205078125 0.08984375
1 0.5810546875 0.7724609375 0.05078125 0.1728515625
1 0.4560546875 0.4306640625 0.037109375 0.1162109375
0 0.46875 0.462890625 0.01171875 0.025390625
1 0.4375 0.408203125 0.0498046875 0.1015625