1 0.3037109375 0.66796875 0.0771484375 0.1689453125
1 0.830078125 0.814453125 0.068359375 0.228515625
1 0.7490234375 0.7607421875 0.0419921875 0.228515625
1 0.1357421875 0.6640625 0.0419921875 0.1748046875
1 0.2734375 0.4736328125 0.03125 0.123046875
1 0.15234375 0.4296875 0.029296875 0.1005859375
1 0.3466796875 0.4638671875 0.02734375 0.11328125
1 0.4990234375 0.54296875 0.0283203125 0.134765625
1 0.984375 0.4453125 0.0302734375 0.1103515625
1 0.4091796875 0.3876953125 0.0205078125 0.095703125
1 0.8857421875 0.87890625 0.0537109375 0.2421875
0 0.2607421875 0.73828125 0.0166015625 0.02734375
1 0.4990234375 0.4521484375 0.03125 0.1103515625