1 0.26171875 0.5283203125 0.0517578125 0.1982421875
1 0.1689453125 0.4453125 0.03515625 0.171875
1 0.3623046875 0.5712890625 0.0341796875 0.193359375
1 0.3583984375 0.25 0.0302734375 0.10546875
1 0.615234375 0.330078125 0.0322265625 0.1279296875
1 0.4208984375 0.3056640625 0.033203125 0.1142578125
1 0.5068359375 0.318359375 0.0283203125 0.1142578125
1 0.685546875 0.2744140625 0.0224609375 0.1123046875
1 0.2470703125 0.2353515625 0.0205078125 0.0927734375
1 0.6494140625 0.2607421875 0.025390625 0.1005859375
1 0.294921875 0.2333984375 0.021484375 0.1015625
1 0.958984375 0.2470703125 0.0400390625 0.1025390625
0 0.89453125 0.287109375 0.0146484375 0.0224609375