1 0.6767578125 0.5458984375 0.0556640625 0.1982421875
1 0.556640625 0.5966796875 0.044921875 0.2001953125
1 0.837890625 0.3388671875 0.0419921875 0.1083984375
1 0.1328125 0.3056640625 0.03515625 0.111328125
1 0.7705078125 0.46875 0.033203125 0.1552734375
1 0.8046875 0.5634765625 0.0576171875 0.1826171875
1 0.6318359375 0.3076171875 0.029296875 0.10546875
1 0.5966796875 0.30859375 0.0263671875 0.1083984375
1 0.7607421875 0.302734375 0.0380859375 0.0810546875
1 0.6982421875 0.2822265625 0.029296875 0.0849609375
1 0.65625 0.28515625 0.021484375 0.080078125
1 0.1044921875 0.7392578125 0.0498046875 0.2001953125
1 0.3701171875 0.2353515625 0.0185546875 0.0712890625
0 0.7109375 0.3076171875 0.0126953125 0.0185546875
1 0.705078125 0.265625 0.01171875 0.0712890625