1 0.8056640625 0.880859375 0.0771484375 0.23046875
1 0.5673828125 0.8740234375 0.0478515625 0.251953125
1 0.3623046875 0.693359375 0.0400390625 0.158203125
1 0.6904296875 0.5048828125 0.0341796875 0.125
1 0.27734375 0.72265625 0.033203125 0.193359375
1 0.7578125 0.4833984375 0.03125 0.0927734375
1 0.34765625 0.490234375 0.03515625 0.130859375
1 0.626953125 0.4013671875 0.0185546875 0.087890625
1 0.515625 0.4169921875 0.0205078125 0.1005859375
1 0.3134765625 0.396484375 0.0205078125 0.0693359375
1 0.3779296875 0.39453125 0.0146484375 0.078125
1 0.609375 0.880859375 0.060546875 0.1572265625
1 0.33984375 0.4619140625 0.0283203125 0.1171875