1 0.9013671875 0.6259765625 0.0712890625 0.2158203125
1 0.7724609375 0.6474609375 0.06640625 0.2197265625
1 0.71875 0.3232421875 0.033203125 0.1220703125
1 0.849609375 0.328125 0.0341796875 0.1240234375
1 0.439453125 0.3046875 0.0302734375 0.1240234375
1 0.263671875 0.259765625 0.033203125 0.10546875
1 0.234375 0.3662109375 0.048828125 0.130859375
1 0.90625 0.296875 0.029296875 0.1083984375
1 0.13671875 0.3583984375 0.0439453125 0.1357421875
1 0.5185546875 0.244140625 0.0224609375 0.091796875
1 0.26171875 0.7041015625 0.0595703125 0.1201171875
0 0.18359375 0.3779296875 0.0166015625 0.0263671875