1 0.54296875 0.869140625 0.0419921875 0.2294921875
1 0.46875 0.841796875 0.0498046875 0.2158203125
1 0.755859375 0.5 0.03515625 0.130859375
1 0.2119140625 0.455078125 0.037109375 0.1083984375
1 0.6318359375 0.9111328125 0.0546875 0.1455078125
1 0.47265625 0.4658203125 0.0322265625 0.095703125
1 0.5888671875 0.4140625 0.0224609375 0.0751953125
1 0.404296875 0.40234375 0.0185546875 0.0859375
0 0.60546875 0.4384765625 0.0087890625 0.017578125
1 0.4599609375 0.404296875 0.0302734375 0.1064453125
1 0.45703125 0.470703125 0.0380859375 0.107421875
1 0.23828125 0.4140625 0.0244140625 0.0966796875