1 0.60546875 0.7412109375 0.060546875 0.203125
1 0.6845703125 0.8076171875 0.0537109375 0.2109375
1 0.3984375 0.4794921875 0.03125 0.1123046875
1 0.3134765625 0.39453125 0.03125 0.0927734375
1 0.548828125 0.5224609375 0.0390625 0.1201171875
1 0.57421875 0.384765625 0.021484375 0.0869140625
1 0.3623046875 0.4345703125 0.025390625 0.09375
1 0.734375 0.3896484375 0.021484375 0.0830078125
1 0.4716796875 0.8193359375 0.05859375 0.146484375
1 0.1298828125 0.4736328125 0.04296875 0.1083984375
1 0.4013671875 0.369140625 0.025390625 0.078125
0 0.53515625 0.54296875 0.013671875 0.0263671875
1 0.12890625 0.462890625 0.052734375 0.1123046875