1 0.5849609375 0.896484375 0.048828125 0.1982421875
1 0.8193359375 0.4111328125 0.0263671875 0.0859375
1 0.412109375 0.5693359375 0.05078125 0.103515625
1 0.1630859375 0.453125 0.0224609375 0.1015625
1 0.662109375 0.4619140625 0.02734375 0.11328125
1 0.30859375 0.46875 0.0205078125 0.0966796875
1 0.287109375 0.435546875 0.0185546875 0.091796875
1 0.9833984375 0.5380859375 0.0244140625 0.130859375
0 0.49609375 0.5458984375 0.015625 0.02734375
1 0.6416015625 0.4892578125 0.0537109375 0.1142578125
1 0.4130859375 0.529296875 0.0517578125 0.1005859375