1 0.72265625 0.6259765625 0.0478515625 0.1875
1 0.857421875 0.6337890625 0.046875 0.1689453125
1 0.443359375 0.4580078125 0.037109375 0.1279296875
1 0.591796875 0.455078125 0.0419921875 0.12890625
1 0.033203125 0.447265625 0.0341796875 0.111328125
1 0.8583984375 0.4091796875 0.029296875 0.10546875
1 0.75390625 0.3759765625 0.0244140625 0.099609375
1 0.7265625 0.3173828125 0.0244140625 0.080078125
1 0.3916015625 0.3505859375 0.021484375 0.0966796875
1 0.3740234375 0.3466796875 0.0302734375 0.1015625
1 0.8486328125 0.3310546875 0.0244140625 0.087890625