1 0.427734375 0.8876953125 0.0498046875 0.212890625
1 0.501953125 0.890625 0.0439453125 0.2177734375
1 0.125 0.6455078125 0.0439453125 0.16015625
1 0.265625 0.5029296875 0.0390625 0.1123046875
1 0.869140625 0.521484375 0.033203125 0.1025390625
1 0.6689453125 0.5419921875 0.0341796875 0.11328125
1 0.2099609375 0.46875 0.0205078125 0.091796875
1 0.17578125 0.896484375 0.0400390625 0.19140625
1 0.7197265625 0.447265625 0.02734375 0.076171875
1 0.51953125 0.451171875 0.021484375 0.087890625
1 0.5927734375 0.9306640625 0.05078125 0.138671875
1 0.666015625 0.4833984375 0.037109375 0.099609375
1 0.541015625 0.466796875 0.029296875 0.0693359375
0 0.544921875 0.486328125 0.0107421875 0.0185546875