1 0.5009765625 0.7841796875 0.0546875 0.20703125
1 0.4384765625 0.8642578125 0.0517578125 0.15234375
1 0.599609375 0.564453125 0.0322265625 0.1220703125
1 0.35546875 0.546875 0.041015625 0.1025390625
1 0.16015625 0.5478515625 0.03125 0.109375
1 0.7529296875 0.5615234375 0.0263671875 0.1298828125
0 0.7373046875 0.587890625 0.013671875 0.0234375
1 0.654296875 0.4619140625 0.0205078125 0.0927734375
1 0.4306640625 0.490234375 0.029296875 0.095703125
1 0.37109375 0.8828125 0.0419921875 0.2001953125
1 0.404296875 0.4365234375 0.0205078125 0.0751953125