1 0.2451171875 0.8056640625 0.0341796875 0.169921875
1 0.88671875 0.57421875 0.0439453125 0.12890625
1 0.7392578125 0.5146484375 0.03515625 0.099609375
1 0.9296875 0.5322265625 0.033203125 0.095703125
1 0.2431640625 0.5556640625 0.0400390625 0.13671875
1 0.4755859375 0.509765625 0.02734375 0.0888671875
1 0.2978515625 0.552734375 0.02734375 0.0888671875
1 0.2373046875 0.498046875 0.04296875 0.078125
1 0.44140625 0.908203125 0.044921875 0.1376953125
1 0.2265625 0.9033203125 0.0498046875 0.1220703125
1 0.263671875 0.916015625 0.0458984375 0.1103515625
1 0.3076171875 0.95703125 0.0595703125 0.0849609375