1 0.7890625 0.8662109375 0.056640625 0.22265625
1 0.4189453125 0.5 0.0390625 0.08984375
1 0.3603515625 0.4833984375 0.033203125 0.1005859375
1 0.181640625 0.4794921875 0.0244140625 0.1044921875
1 0.607421875 0.4951171875 0.0361328125 0.1064453125
1 0.458984375 0.3994140625 0.0341796875 0.0693359375
1 0.62109375 0.8544921875 0.0478515625 0.12890625
1 0.9658203125 0.8681640625 0.0556640625 0.234375
1 0.6513671875 0.513671875 0.029296875 0.1279296875
1 0.86328125 0.865234375 0.0498046875 0.2216796875
1 0.0107421875 0.5625 0.021484375 0.1279296875
0 0.4423828125 0.44140625 0.0107421875 0.01953125
1 0.6416015625 0.53125 0.0341796875 0.1337890625