1 0.2861328125 0.560546875 0.0615234375 0.18359375
1 0.40625 0.607421875 0.0361328125 0.193359375
1 0.216796875 0.5751953125 0.0400390625 0.1787109375
1 0.1962890625 0.466796875 0.03515625 0.13671875
1 0.5751953125 0.3798828125 0.03125 0.130859375
1 0.646484375 0.298828125 0.0302734375 0.107421875
1 0.4365234375 0.3310546875 0.029296875 0.1083984375
1 0.6123046875 0.3427734375 0.025390625 0.1171875
1 0.685546875 0.2744140625 0.0244140625 0.0927734375
1 0.39453125 0.2734375 0.0205078125 0.099609375
1 0.3505859375 0.2587890625 0.0205078125 0.09375
1 0.2861328125 0.2685546875 0.017578125 0.091796875
1 0.9267578125 0.263671875 0.02734375 0.09765625
0 0.91015625 0.3037109375 0.0107421875 0.017578125