1 0.3486328125 0.642578125 0.0712890625 0.15625
1 0.8359375 0.779296875 0.0634765625 0.2119140625
1 0.7607421875 0.7294921875 0.0390625 0.2119140625
1 0.1923828125 0.640625 0.0380859375 0.162109375
1 0.3193359375 0.4638671875 0.029296875 0.1142578125
1 0.2080078125 0.4228515625 0.02734375 0.09375
1 0.3876953125 0.4541015625 0.025390625 0.1044921875
1 0.529296875 0.52734375 0.0263671875 0.125
1 0.9814453125 0.4375 0.0322265625 0.1015625
1 0.4462890625 0.3837890625 0.0185546875 0.0888671875
1 0.8876953125 0.83984375 0.0498046875 0.2265625
0 0.3076171875 0.708984375 0.0146484375 0.025390625
1 0.529296875 0.443359375 0.029296875 0.1025390625