1 0.5048828125 0.8564453125 0.0546875 0.2548828125
1 0.654296875 0.861328125 0.05859375 0.1982421875
1 0.9716796875 0.5068359375 0.0458984375 0.1279296875
1 0.369140625 0.7412109375 0.0556640625 0.2060546875
1 0.4296875 0.76171875 0.0517578125 0.2041015625
1 0.3701171875 0.529296875 0.0390625 0.146484375
1 0.1259765625 0.4091796875 0.033203125 0.1328125
1 0.576171875 0.4296875 0.03125 0.1123046875
1 0.2744140625 0.462890625 0.0263671875 0.1171875
1 0.640625 0.3974609375 0.0185546875 0.09765625
1 0.4482421875 0.3662109375 0.01953125 0.09375
1 0.546875 0.38671875 0.01953125 0.09765625
1 0.1259765625 0.359375 0.021484375 0.0537109375