1 0.5908203125 0.5244140625 0.0478515625 0.1494140625
1 0.3115234375 0.5302734375 0.0498046875 0.134765625
1 0.462890625 0.3994140625 0.037109375 0.1044921875
1 0.4814453125 0.7958984375 0.05078125 0.1591796875
1 0.3720703125 0.451171875 0.041015625 0.1181640625
1 0.8427734375 0.54296875 0.02734375 0.1455078125
1 0.798828125 0.4140625 0.02734375 0.11328125
1 0.2685546875 0.3642578125 0.033203125 0.0849609375
1 0.126953125 0.373046875 0.029296875 0.0947265625
1 0.3212890625 0.3935546875 0.0400390625 0.0927734375
1 0.8408203125 0.85546875 0.080078125 0.1611328125
0 0.3671875 0.490234375 0.009765625 0.021484375