1 0.021484375 0.77734375 0.04296875 0.1904296875
1 0.5947265625 0.55078125 0.029296875 0.099609375
1 0.521484375 0.5283203125 0.021484375 0.08984375
1 0.361328125 0.51953125 0.0205078125 0.099609375
1 0.8486328125 0.541015625 0.0234375 0.0927734375
1 0.765625 0.5849609375 0.0263671875 0.119140625
1 0.6513671875 0.6630859375 0.0673828125 0.1357421875
1 0.8876953125 0.9091796875 0.0537109375 0.181640625
0 0.7001953125 0.7177734375 0.0126953125 0.0205078125
1 0.6689453125 0.6767578125 0.05078125 0.154296875
1 0.7705078125 0.51953125 0.0234375 0.0595703125