1 0.4619140625 0.4892578125 0.03515625 0.10546875
1 0.0654296875 0.7958984375 0.068359375 0.2001953125
1 0.693359375 0.5126953125 0.025390625 0.1279296875
1 0.11328125 0.4267578125 0.0244140625 0.0947265625
1 0.4091796875 0.484375 0.0341796875 0.1142578125
1 0.2841796875 0.4892578125 0.0283203125 0.109375
1 0.2529296875 0.4248046875 0.03125 0.0791015625
0 0.357421875 0.5029296875 0.009765625 0.029296875
1 0.388671875 0.462890625 0.0400390625 0.0986328125
1 0.4130859375 0.4375 0.0361328125 0.0888671875
1 0.2333984375 0.37890625 0.021484375 0.0830078125