1 0.2294921875 0.904296875 0.052734375 0.1845703125
1 0.435546875 0.833984375 0.0380859375 0.236328125
1 0.55859375 0.7451171875 0.04296875 0.19140625
1 0.505859375 0.763671875 0.0439453125 0.1904296875
1 0.2841796875 0.88671875 0.05078125 0.1923828125
1 0.0263671875 0.5634765625 0.0498046875 0.1279296875
1 0.705078125 0.5654296875 0.0419921875 0.1337890625
1 0.5009765625 0.41796875 0.0263671875 0.08203125
1 0.751953125 0.4375 0.0244140625 0.10546875
1 0.333984375 0.443359375 0.01953125 0.0888671875
1 0.6396484375 0.4755859375 0.021484375 0.0966796875
1 0.4345703125 0.44921875 0.02734375 0.1103515625
1 0.423828125 0.427734375 0.0244140625 0.0927734375
1 0.7685546875 0.416015625 0.0205078125 0.08203125