1 0.7392578125 0.591796875 0.0400390625 0.1259765625
1 0.232421875 0.515625 0.0205078125 0.09765625
1 0.2890625 0.58984375 0.0244140625 0.123046875
1 0.4375 0.5078125 0.0205078125 0.0888671875
1 0.4931640625 0.505859375 0.0283203125 0.078125
1 0.1767578125 0.5166015625 0.0224609375 0.07421875
1 0.119140625 0.8779296875 0.0634765625 0.2041015625
1 0.275390625 0.4794921875 0.0234375 0.0634765625
1 0.3232421875 0.48046875 0.017578125 0.076171875
1 0.3056640625 0.4501953125 0.017578125 0.056640625
0 0.3046875 0.46875 0.0068359375 0.01171875