1 0.384765625 0.552734375 0.03125 0.140625
1 0.833984375 0.5615234375 0.03125 0.1337890625
1 0.96484375 0.869140625 0.0673828125 0.220703125
1 0.6484375 0.4814453125 0.0224609375 0.1015625
1 0.896484375 0.4658203125 0.021484375 0.087890625
1 0.7890625 0.4296875 0.0224609375 0.068359375
1 0.7412109375 0.4267578125 0.021484375 0.0791015625
0 0.76171875 0.4228515625 0.009765625 0.01953125
1 0.7587890625 0.40234375 0.015625 0.0556640625
1 0.849609375 0.470703125 0.02734375 0.107421875
1 0.6474609375 0.4296875 0.0283203125 0.0908203125