1 0.41015625 0.90625 0.0556640625 0.1865234375
1 0.349609375 0.69921875 0.041015625 0.1865234375
1 0.1962890625 0.7451171875 0.0439453125 0.1953125
1 0.5615234375 0.626953125 0.0439453125 0.1357421875
1 0.095703125 0.4306640625 0.0185546875 0.095703125
1 0.2783203125 0.5390625 0.02734375 0.1357421875
1 0.423828125 0.484375 0.0458984375 0.1015625
1 0.3623046875 0.431640625 0.021484375 0.0869140625
1 0.3193359375 0.4287109375 0.0244140625 0.0751953125
1 0.4072265625 0.4521484375 0.03125 0.107421875
0 0.3525390625 0.46484375 0.0078125 0.0224609375
1 0.296875 0.49609375 0.0283203125 0.107421875