1 0.9501953125 0.3515625 0.0361328125 0.119140625
1 0.8544921875 0.4013671875 0.0400390625 0.12890625
1 0.3486328125 0.3154296875 0.025390625 0.09765625
1 0.49609375 0.26953125 0.02734375 0.0869140625
1 0.2783203125 0.3125 0.021484375 0.1005859375
1 0.650390625 0.32421875 0.0283203125 0.0927734375
1 0.220703125 0.2880859375 0.015625 0.087890625
1 0.568359375 0.2783203125 0.021484375 0.06640625
1 0.5263671875 0.2880859375 0.025390625 0.0712890625
1 0.294921875 0.6630859375 0.0478515625 0.111328125
0 0.61328125 0.294921875 0.01171875 0.0166015625