1 0.3359375 0.7822265625 0.052734375 0.2001953125
1 0.240234375 0.8701171875 0.0439453125 0.2470703125
1 0.1513671875 0.9130859375 0.060546875 0.154296875
1 0.3935546875 0.427734375 0.03125 0.10546875
1 0.2578125 0.4462890625 0.0244140625 0.1044921875
1 0.7900390625 0.46875 0.02734375 0.111328125
1 0.4892578125 0.4306640625 0.021484375 0.095703125
1 0.357421875 0.412109375 0.0224609375 0.0966796875
1 0.3291015625 0.4169921875 0.0224609375 0.0966796875
1 0.5830078125 0.388671875 0.0224609375 0.0751953125
1 0.6201171875 0.4130859375 0.0205078125 0.0986328125
0 0.7861328125 0.5029296875 0.0087890625 0.015625