1 0.3154296875 0.72265625 0.0390625 0.169921875
1 0.8212890625 0.44921875 0.0380859375 0.0966796875
1 0.98828125 0.453125 0.0234375 0.1015625
1 0.525390625 0.4296875 0.0244140625 0.09765625
1 0.603515625 0.3876953125 0.0244140625 0.072265625
1 0.6884765625 0.4658203125 0.033203125 0.0908203125
1 0.1591796875 0.42578125 0.0244140625 0.0849609375
1 0.7490234375 0.4072265625 0.02734375 0.072265625
0 0.771484375 0.4423828125 0.009765625 0.017578125
1 0.72265625 0.38671875 0.0185546875 0.078125
1 0.7265625 0.4140625 0.0390625 0.0771484375