1 0.755859375 0.69140625 0.04296875 0.1923828125
1 0.5888671875 0.810546875 0.0439453125 0.23046875
1 0.908203125 0.6962890625 0.0400390625 0.1669921875
1 0.111328125 0.48828125 0.03515625 0.1162109375
1 0.2177734375 0.498046875 0.029296875 0.115234375
1 0.66015625 0.578125 0.0283203125 0.14453125
1 0.5810546875 0.4306640625 0.0244140625 0.1025390625
1 0.216796875 0.919921875 0.056640625 0.1513671875
1 0.31640625 0.4140625 0.0185546875 0.0908203125
1 0.8505859375 0.3984375 0.0166015625 0.0888671875
1 0.6435546875 0.388671875 0.0185546875 0.0771484375
1 0.4306640625 0.458984375 0.0244140625 0.1123046875
1 0.4228515625 0.4443359375 0.0244140625 0.099609375