1 0.1162109375 0.6552734375 0.0546875 0.1826171875
1 0.7333984375 0.76171875 0.056640625 0.212890625
1 0.5556640625 0.8515625 0.05859375 0.2646484375
1 0.60546875 0.7392578125 0.048828125 0.2294921875
1 0.6591796875 0.568359375 0.03515625 0.15625
1 0.2587890625 0.87890625 0.0517578125 0.2021484375
1 0.40234375 0.5 0.03515625 0.140625
1 0.310546875 0.4267578125 0.0361328125 0.111328125
1 0.845703125 0.38671875 0.02734375 0.1044921875
1 0.259765625 0.5009765625 0.03125 0.1357421875
1 0.203125 0.529296875 0.03125 0.142578125
1 0.04296875 0.9345703125 0.0615234375 0.130859375
1 0.4970703125 0.4453125 0.033203125 0.1328125
0 0.2529296875 0.56640625 0.013671875 0.0224609375
1 0.49609375 0.4384765625 0.041015625 0.1279296875