1 0.3203125 0.568359375 0.041015625 0.138671875
1 0.439453125 0.9345703125 0.05859375 0.12890625
1 0.89453125 0.5 0.0302734375 0.1259765625
1 0.271484375 0.6064453125 0.044921875 0.14453125
1 0.7578125 0.5498046875 0.046875 0.1416015625
1 0.51171875 0.4873046875 0.0205078125 0.1162109375
1 0.5830078125 0.884765625 0.072265625 0.2099609375
1 0.9306640625 0.42578125 0.0244140625 0.099609375
1 0.3369140625 0.4423828125 0.0224609375 0.0986328125
1 0.5205078125 0.392578125 0.0244140625 0.0712890625
1 0.255859375 0.5419921875 0.0390625 0.130859375
0 0.72265625 0.587890625 0.0146484375 0.0302734375