1 0.55078125 0.560546875 0.0556640625 0.150390625
1 0.3623046875 0.43359375 0.04296875 0.12109375
1 0.8916015625 0.6826171875 0.048828125 0.1923828125
1 0.7197265625 0.4140625 0.0400390625 0.1181640625
1 0.466796875 0.3984375 0.021484375 0.109375
1 0.681640625 0.453125 0.037109375 0.111328125
1 0.48828125 0.4931640625 0.0302734375 0.130859375
1 0.6416015625 0.76953125 0.0673828125 0.1416015625
1 0.966796875 0.3623046875 0.0283203125 0.0947265625
1 0.236328125 0.37890625 0.0244140625 0.1005859375
0 0.22265625 0.3564453125 0.02734375 0.0908203125
0 0.6650390625 0.4970703125 0.009765625 0.02734375