1 0.7958984375 0.62890625 0.060546875 0.1435546875
1 0.720703125 0.3427734375 0.0302734375 0.1005859375
1 0.861328125 0.3779296875 0.02734375 0.1015625
1 0.5966796875 0.3837890625 0.0263671875 0.1123046875
1 0.30859375 0.3662109375 0.0224609375 0.10546875
1 0.8994140625 0.357421875 0.0302734375 0.109375
1 0.64453125 0.326171875 0.025390625 0.08984375
1 0.3486328125 0.384765625 0.0224609375 0.111328125
1 0.85546875 0.6103515625 0.041015625 0.1494140625
0 0.6943359375 0.37109375 0.01171875 0.0185546875
1 0.611328125 0.2998046875 0.029296875 0.091796875
1 0.6435546875 0.291015625 0.0224609375 0.078125