1 0.1220703125 0.3671875 0.046875 0.1171875
1 0.1884765625 0.6259765625 0.060546875 0.138671875
1 0.4609375 0.359375 0.0224609375 0.1123046875
1 0.3212890625 0.3310546875 0.0263671875 0.11328125
1 0.69921875 0.375 0.0361328125 0.1220703125
1 0.1591796875 0.310546875 0.0322265625 0.0908203125
1 0.1259765625 0.599609375 0.0390625 0.16015625
1 0.4384765625 0.271484375 0.029296875 0.0859375
1 0.3642578125 0.3125 0.0234375 0.0927734375
1 0.724609375 0.34765625 0.0166015625 0.1083984375
0 0.1953125 0.3515625 0.01171875 0.021484375
1 0.416015625 0.2763671875 0.0244140625 0.0859375