1 0.0869140625 0.56640625 0.0400390625 0.142578125
1 0.638671875 0.75 0.05078125 0.19140625
1 0.404296875 0.7177734375 0.0419921875 0.193359375
1 0.14453125 0.5400390625 0.03515625 0.1416015625
1 0.322265625 0.40625 0.029296875 0.09765625
1 0.568359375 0.6337890625 0.029296875 0.162109375
1 0.513671875 0.3994140625 0.0205078125 0.095703125
1 0.85546875 0.4150390625 0.0263671875 0.0732421875
1 0.568359375 0.3564453125 0.017578125 0.0771484375
1 0.7822265625 0.7978515625 0.064453125 0.205078125
1 0.5263671875 0.8134765625 0.0595703125 0.203125
1 0.388671875 0.58203125 0.037109375 0.15625
0 0.4189453125 0.78125 0.01171875 0.0341796875