1 0.5556640625 0.505859375 0.03515625 0.1044921875
1 0.232421875 0.7314453125 0.0478515625 0.232421875
1 0.173828125 0.767578125 0.05859375 0.2353515625
1 0.8525390625 0.5537109375 0.0390625 0.1484375
1 0.7001953125 0.423828125 0.033203125 0.10546875
1 0.7646484375 0.3818359375 0.03515625 0.091796875
1 0.5703125 0.34375 0.0283203125 0.08984375
1 0.6513671875 0.40234375 0.0244140625 0.0927734375
1 0.4951171875 0.3994140625 0.03125 0.1015625
1 0.015625 0.3955078125 0.02734375 0.1044921875
1 0.4755859375 0.4833984375 0.025390625 0.10546875
0 0.58984375 0.5673828125 0.0126953125 0.021484375
1 0.1083984375 0.8427734375 0.07421875 0.23046875