1 0.2744140625 0.5234375 0.0478515625 0.2080078125
1 0.3544921875 0.5595703125 0.044921875 0.2138671875
1 0.4765625 0.41015625 0.0498046875 0.1533203125
1 0.7529296875 0.4150390625 0.037109375 0.1669921875
1 0.552734375 0.39453125 0.0361328125 0.1640625
1 0.7138671875 0.2646484375 0.0390625 0.109375
1 0.3671875 0.26953125 0.0244140625 0.130859375
1 0.583984375 0.25 0.01953125 0.10546875
1 0.232421875 0.216796875 0.025390625 0.103515625
1 0.1904296875 0.283203125 0.0244140625 0.12109375
1 0.1787109375 0.41015625 0.037109375 0.1376953125
0 0.7021484375 0.314453125 0.0166015625 0.0234375