1 0.259765625 0.86328125 0.05078125 0.2412109375
1 0.5419921875 0.6982421875 0.046875 0.1689453125
1 0.3564453125 0.8056640625 0.0498046875 0.197265625
1 0.1181640625 0.5537109375 0.03125 0.130859375
1 0.3076171875 0.48046875 0.0263671875 0.10546875
1 0.5625 0.4462890625 0.0244140625 0.076171875
1 0.6708984375 0.4384765625 0.0185546875 0.0986328125
1 0.8310546875 0.505859375 0.025390625 0.1201171875
1 0.6015625 0.41796875 0.021484375 0.0771484375
1 0.51953125 0.4130859375 0.01953125 0.0859375
1 0.4560546875 0.4453125 0.0185546875 0.1025390625
1 0.400390625 0.826171875 0.04296875 0.1357421875
0 0.802734375 0.5205078125 0.0146484375 0.017578125