1 0.9296875 0.7451171875 0.0751953125 0.1982421875
1 0.8564453125 0.404296875 0.037109375 0.1357421875
1 0.0810546875 0.2763671875 0.0380859375 0.1123046875
1 0.19140625 0.3359375 0.0341796875 0.1181640625
1 0.10546875 0.4130859375 0.0380859375 0.1396484375
1 0.791015625 0.3583984375 0.0400390625 0.119140625
1 0.3310546875 0.4375 0.029296875 0.14453125
1 0.2705078125 0.2607421875 0.025390625 0.087890625
1 0.6298828125 0.2822265625 0.021484375 0.1005859375
1 0.294921875 0.435546875 0.0498046875 0.1337890625
1 0.4375 0.7158203125 0.0546875 0.1650390625
0 0.296875 0.4716796875 0.017578125 0.029296875