1 0.263671875 0.68359375 0.0576171875 0.1513671875
1 0.349609375 0.79296875 0.0458984375 0.1923828125
1 0.14453125 0.8935546875 0.0439453125 0.2021484375
1 0.6552734375 0.5244140625 0.0390625 0.1015625
1 0.345703125 0.5048828125 0.0341796875 0.08984375
1 0.7744140625 0.5146484375 0.0263671875 0.1044921875
1 0.166015625 0.4755859375 0.025390625 0.0791015625
1 0.9833984375 0.4853515625 0.025390625 0.0966796875
1 0.6103515625 0.9130859375 0.041015625 0.1728515625
1 0.5390625 0.4462890625 0.017578125 0.080078125
1 0.6103515625 0.44140625 0.0205078125 0.0791015625
0 0.345703125 0.853515625 0.0146484375 0.029296875