1 0.6171875 0.9052734375 0.0556640625 0.189453125
1 0.8359375 0.5498046875 0.0341796875 0.12890625
1 0.1640625 0.6923828125 0.0400390625 0.1572265625
1 0.630859375 0.5400390625 0.0390625 0.11328125
1 0.12109375 0.6103515625 0.0283203125 0.1220703125
1 0.568359375 0.546875 0.02734375 0.1162109375
1 0.498046875 0.4580078125 0.03515625 0.0732421875
1 0.3408203125 0.486328125 0.021484375 0.099609375
1 0.8681640625 0.4638671875 0.0185546875 0.09375
1 0.5673828125 0.427734375 0.021484375 0.0732421875
0 0.568359375 0.46484375 0.01171875 0.0234375