1 0.4384765625 0.5654296875 0.0595703125 0.162109375
1 0.640625 0.4287109375 0.0458984375 0.130859375
1 0.0703125 0.697265625 0.052734375 0.2080078125
1 0.255859375 0.4072265625 0.04296875 0.1279296875
1 0.5283203125 0.3896484375 0.0234375 0.1181640625
1 0.296875 0.44921875 0.0400390625 0.1201171875
1 0.505859375 0.4921875 0.0322265625 0.140625
1 0.3408203125 0.791015625 0.0732421875 0.1533203125
1 0.7763671875 0.369140625 0.0263671875 0.109375
0 0.7919921875 0.3447265625 0.029296875 0.0986328125
0 0.314453125 0.4970703125 0.0107421875 0.029296875