1 0.5087890625 0.8349609375 0.0458984375 0.205078125
1 0.474609375 0.5537109375 0.0302734375 0.1376953125
1 0.595703125 0.4716796875 0.0205078125 0.07421875
1 0.6826171875 0.5078125 0.01953125 0.0908203125
1 0.400390625 0.498046875 0.029296875 0.0634765625
1 0.529296875 0.517578125 0.0244140625 0.0859375
1 0.576171875 0.5029296875 0.01953125 0.0966796875
1 0.6689453125 0.7841796875 0.0380859375 0.15625
0 0.5146484375 0.5732421875 0.009765625 0.0166015625
1 0.4775390625 0.5244140625 0.0166015625 0.0673828125
1 0.4814453125 0.4931640625 0.025390625 0.0830078125
1 0.5498046875 0.5458984375 0.03515625 0.1083984375