1 0.75390625 0.55859375 0.04296875 0.13671875
1 0.2041015625 0.4755859375 0.0224609375 0.10546875
1 0.265625 0.556640625 0.0263671875 0.1337890625
1 0.4267578125 0.466796875 0.0224609375 0.0966796875
1 0.4873046875 0.46484375 0.03125 0.0849609375
1 0.1435546875 0.4765625 0.0244140625 0.080078125
1 0.0810546875 0.869140625 0.0693359375 0.2216796875
1 0.2509765625 0.4365234375 0.025390625 0.0693359375
1 0.302734375 0.4375 0.0185546875 0.08203125
1 0.283203125 0.4052734375 0.0185546875 0.0615234375
0 0.2822265625 0.4248046875 0.0068359375 0.0126953125