1 0.265625 0.572265625 0.056640625 0.18359375
1 0.8486328125 0.484375 0.087890625 0.169921875
1 0.779296875 0.349609375 0.0400390625 0.1337890625
1 0.7490234375 0.4228515625 0.03515625 0.142578125
1 0.9814453125 0.662109375 0.0361328125 0.1474609375
1 0.6982421875 0.3330078125 0.03515625 0.1181640625
1 0.3876953125 0.3837890625 0.02734375 0.140625
1 0.064453125 0.337890625 0.044921875 0.1240234375
1 0.7392578125 0.2451171875 0.0283203125 0.1005859375
0 0.087890625 0.3935546875 0.0146484375 0.0244140625
1 0.666015625 0.6982421875 0.0732421875 0.1337890625
1 0.7119140625 0.2734375 0.0234375 0.0966796875