1 0.1572265625 0.748046875 0.0703125 0.2099609375
1 0.72265625 0.9287109375 0.0703125 0.142578125
1 0.322265625 0.8759765625 0.0517578125 0.248046875
1 0.1357421875 0.533203125 0.029296875 0.1298828125
1 0.791015625 0.5390625 0.0283203125 0.126953125
1 0.4638671875 0.4990234375 0.0302734375 0.1337890625
1 0.6943359375 0.49609375 0.037109375 0.1240234375
1 0.3017578125 0.4423828125 0.0224609375 0.1025390625
1 0.0126953125 0.4375 0.025390625 0.1025390625
1 0.5673828125 0.478515625 0.03125 0.103515625
1 0.8251953125 0.48046875 0.021484375 0.119140625
1 0.7265625 0.4384765625 0.021484375 0.08984375
0 0.576171875 0.5263671875 0.0126953125 0.01953125