1 0.3291015625 0.595703125 0.048828125 0.22265625
1 0.7783203125 0.3525390625 0.033203125 0.146484375
1 0.1865234375 0.302734375 0.0322265625 0.1259765625
1 0.4423828125 0.6181640625 0.0341796875 0.2177734375
1 0.5419921875 0.3349609375 0.03125 0.1376953125
1 0.2919921875 0.236328125 0.0205078125 0.095703125
1 0.2060546875 0.4599609375 0.03515625 0.16796875
1 0.8193359375 0.2587890625 0.02734375 0.1181640625
1 0.38671875 0.2568359375 0.021484375 0.111328125
1 0.609375 0.2119140625 0.02734375 0.0908203125
1 0.701171875 0.2177734375 0.025390625 0.095703125
1 0.9833984375 0.775390625 0.033203125 0.23046875
0 0.5634765625 0.251953125 0.0126953125 0.017578125
1 0.5849609375 0.2236328125 0.0234375 0.0810546875