1 0.498046875 0.7431640625 0.0517578125 0.193359375
1 0.556640625 0.818359375 0.048828125 0.142578125
1 0.4052734375 0.537109375 0.0302734375 0.1142578125
1 0.634765625 0.5205078125 0.0380859375 0.095703125
1 0.8173828125 0.521484375 0.029296875 0.1025390625
1 0.26171875 0.5341796875 0.0244140625 0.1220703125
0 0.27734375 0.55859375 0.0126953125 0.0224609375
1 0.3544921875 0.4404296875 0.0185546875 0.0869140625
1 0.5634765625 0.4677734375 0.02734375 0.08984375
1 0.6201171875 0.8359375 0.0390625 0.1875
1 0.587890625 0.4169921875 0.01953125 0.0703125