1 0.4658203125 0.7177734375 0.0537109375 0.1767578125
1 0.353515625 0.7978515625 0.0498046875 0.1982421875
1 0.0810546875 0.578125 0.0546875 0.138671875
1 0.271484375 0.8359375 0.0419921875 0.23828125
1 0.3076171875 0.4619140625 0.0224609375 0.099609375
1 0.6669921875 0.43359375 0.0244140625 0.1005859375
1 0.546875 0.435546875 0.0283203125 0.08203125
1 0.826171875 0.490234375 0.0244140625 0.111328125
1 0.599609375 0.4111328125 0.0205078125 0.0771484375
0 0.8037109375 0.51171875 0.01171875 0.0224609375
1 0.4580078125 0.4267578125 0.015625 0.09765625
1 0.4423828125 0.3984375 0.0263671875 0.0810546875
1 0.4638671875 0.4072265625 0.017578125 0.08203125