1 0.14453125 0.4296875 0.0400390625 0.1201171875
1 0.248046875 0.4853515625 0.0439453125 0.146484375
1 0.330078125 0.4326171875 0.0361328125 0.125
1 0.4482421875 0.447265625 0.03515625 0.1201171875
1 0.822265625 0.611328125 0.046875 0.1767578125
1 0.7890625 0.4365234375 0.03125 0.13671875
1 0.1103515625 0.482421875 0.03125 0.146484375
1 0.5205078125 0.7548828125 0.06640625 0.1396484375
1 0.4638671875 0.3251953125 0.0263671875 0.0849609375
1 0.6171875 0.3515625 0.021484375 0.09375
0 0.3544921875 0.4375 0.0107421875 0.01953125
1 0.7822265625 0.3349609375 0.01953125 0.10546875