1 0.61328125 0.8837890625 0.052734375 0.19921875
1 0.7978515625 0.560546875 0.0341796875 0.1337890625
1 0.501953125 0.560546875 0.0322265625 0.1181640625
1 0.1748046875 0.646484375 0.0400390625 0.150390625
1 0.625 0.560546875 0.03125 0.1259765625
1 0.8662109375 0.455078125 0.0205078125 0.0927734375
1 0.3564453125 0.4609375 0.01953125 0.09375
1 0.14453125 0.583984375 0.0244140625 0.1201171875
1 0.494140625 0.4609375 0.017578125 0.08203125
1 0.56640625 0.4169921875 0.0205078125 0.0703125
0 0.55859375 0.453125 0.0087890625 0.0166015625