1 0.3251953125 0.67578125 0.05078125 0.177734375
1 0.5517578125 0.4169921875 0.0400390625 0.1015625
1 0.169921875 0.5712890625 0.0283203125 0.1484375
1 0.5361328125 0.58203125 0.037109375 0.1630859375
1 0.22265625 0.5478515625 0.0263671875 0.1513671875
1 0.3828125 0.4228515625 0.0205078125 0.1005859375
1 0.3564453125 0.8447265625 0.0380859375 0.189453125
1 0.85546875 0.4130859375 0.02734375 0.0732421875
1 0.5205078125 0.380859375 0.0244140625 0.078125
1 0.6064453125 0.8056640625 0.0361328125 0.193359375
1 0.7529296875 0.75 0.046875 0.1953125
0 0.5732421875 0.5244140625 0.013671875 0.0234375
1 0.5673828125 0.6142578125 0.0419921875 0.1572265625