1 0.322265625 0.791015625 0.0576171875 0.228515625
1 0.2177734375 0.8779296875 0.0498046875 0.2431640625
1 0.76171875 0.4775390625 0.0361328125 0.12109375
1 0.3798828125 0.7763671875 0.0458984375 0.150390625
1 0.1640625 0.8740234375 0.0546875 0.251953125
1 0.201171875 0.431640625 0.033203125 0.11328125
1 0.3349609375 0.4208984375 0.0361328125 0.1201171875
1 0.27734375 0.41015625 0.0283203125 0.11328125
1 0.591796875 0.3916015625 0.0283203125 0.1044921875
1 0.4775390625 0.423828125 0.0205078125 0.1015625
0 0.8017578125 0.5029296875 0.0078125 0.013671875
1 0.578125 0.3662109375 0.0244140625 0.08984375
1 0.3251953125 0.4052734375 0.013671875 0.09375