1 0.4072265625 0.8388671875 0.0556640625 0.234375
1 0.0888671875 0.4345703125 0.033203125 0.109375
1 0.609375 0.6806640625 0.037109375 0.166015625
1 0.3896484375 0.412109375 0.0244140625 0.1015625
1 0.587890625 0.45703125 0.033203125 0.115234375
1 0.53125 0.3837890625 0.0224609375 0.0771484375
1 0.646484375 0.390625 0.0224609375 0.083984375
1 0.693359375 0.6611328125 0.02734375 0.12890625
1 0.5185546875 0.34765625 0.0205078125 0.07421875
1 0.578125 0.376953125 0.01953125 0.0654296875
1 0.603515625 0.3935546875 0.021484375 0.0751953125
0 0.5712890625 0.439453125 0.0078125 0.0205078125