1 0.408203125 0.83203125 0.0546875 0.2353515625
1 0.6005859375 0.6787109375 0.0361328125 0.169921875
1 0.6865234375 0.419921875 0.0234375 0.1005859375
1 0.232421875 0.435546875 0.029296875 0.09765625
1 0.4912109375 0.40234375 0.02734375 0.0986328125
1 0.7109375 0.396484375 0.017578125 0.0849609375
1 0.572265625 0.435546875 0.0224609375 0.095703125
1 0.6064453125 0.38671875 0.0146484375 0.0810546875
1 0.0078125 0.466796875 0.015625 0.1484375
1 0.4853515625 0.3515625 0.0185546875 0.0810546875
1 0.58984375 0.3701171875 0.017578125 0.087890625