1 0.55859375 0.3662109375 0.025390625 0.109375
1 0.4365234375 0.392578125 0.0302734375 0.1083984375
1 0.2626953125 0.4111328125 0.037109375 0.12890625
1 0.5126953125 0.3251953125 0.0302734375 0.0751953125
1 0.8056640625 0.4091796875 0.029296875 0.1181640625
1 0.8525390625 0.6123046875 0.0380859375 0.1484375
1 0.6259765625 0.34765625 0.0185546875 0.0791015625
1 0.7978515625 0.6435546875 0.048828125 0.1201171875
1 0.7763671875 0.3232421875 0.017578125 0.080078125
0 0.533203125 0.3349609375 0.0087890625 0.01953125
1 0.5068359375 0.302734375 0.01953125 0.0654296875