1 0.6767578125 0.591796875 0.0439453125 0.2001953125
1 0.2724609375 0.373046875 0.0302734375 0.1318359375
1 0.8056640625 0.328125 0.029296875 0.11328125
1 0.5751953125 0.6123046875 0.0302734375 0.1962890625
1 0.4853515625 0.357421875 0.0283203125 0.1240234375
1 0.7109375 0.267578125 0.0185546875 0.0859375
1 0.7880859375 0.4697265625 0.0322265625 0.1513671875
1 0.236328125 0.2880859375 0.025390625 0.1064453125
1 0.625 0.287109375 0.01953125 0.099609375
1 0.4248046875 0.24609375 0.0244140625 0.0810546875
1 0.3427734375 0.2509765625 0.0224609375 0.0859375
1 0.0791015625 0.75390625 0.0498046875 0.2060546875
0 0.4658203125 0.2822265625 0.0107421875 0.0166015625
1 0.447265625 0.2568359375 0.021484375 0.0732421875