1 0.8125 0.625 0.07421875 0.166015625
1 0.818359375 0.884765625 0.0703125 0.21875
1 0.5869140625 0.3916015625 0.037109375 0.1015625
1 0.8759765625 0.7880859375 0.05078125 0.234375
1 0.8544921875 0.427734375 0.0224609375 0.1044921875
1 0.0380859375 0.40234375 0.029296875 0.1015625
1 0.25 0.4169921875 0.01953125 0.1015625
1 0.373046875 0.4462890625 0.0263671875 0.0927734375
1 0.5068359375 0.380859375 0.0185546875 0.08203125
1 0.2880859375 0.3916015625 0.0205078125 0.080078125
1 0.4912109375 0.89453125 0.041015625 0.1875
0 0.552734375 0.45703125 0.015625 0.0205078125
1 0.5927734375 0.35546875 0.0234375 0.0625