1 0.2919921875 0.56640625 0.052734375 0.1552734375
1 0.232421875 0.5927734375 0.0517578125 0.16796875
1 0.4697265625 0.4482421875 0.0244140625 0.1181640625
1 0.755859375 0.365234375 0.0244140625 0.083984375
1 0.7861328125 0.5244140625 0.0302734375 0.123046875
1 0.830078125 0.4228515625 0.0205078125 0.099609375
1 0.2998046875 0.3544921875 0.01953125 0.08984375
1 0.51171875 0.810546875 0.0537109375 0.158203125
0 0.0791015625 0.625 0.013671875 0.021484375
1 0.0478515625 0.6025390625 0.06640625 0.1171875
1 0.802734375 0.470703125 0.03125 0.1318359375