1 0.0361328125 0.6201171875 0.0390625 0.126953125
1 0.5546875 0.580078125 0.0283203125 0.1123046875
1 0.2626953125 0.5283203125 0.0205078125 0.0966796875
1 0.6455078125 0.4814453125 0.021484375 0.0908203125
1 0.7412109375 0.529296875 0.0205078125 0.10546875
1 0.7099609375 0.517578125 0.02734375 0.08984375
1 0.4560546875 0.4833984375 0.0205078125 0.0908203125
1 0.7470703125 0.8095703125 0.0390625 0.1689453125
1 0.501953125 0.451171875 0.0185546875 0.0625
1 0.01171875 0.572265625 0.0234375 0.125
0 0.9921875 0.615234375 0.015625 0.03125