1 0.052734375 0.3701171875 0.03515625 0.1142578125
1 0.1435546875 0.41796875 0.0380859375 0.123046875
1 0.62890625 0.3359375 0.0244140625 0.09375
1 0.486328125 0.2919921875 0.0263671875 0.0830078125
1 0.6953125 0.33203125 0.0205078125 0.0966796875
1 0.3388671875 0.34375 0.02734375 0.0888671875
1 0.7509765625 0.30859375 0.0146484375 0.083984375
1 0.41796875 0.2998046875 0.0205078125 0.0634765625
1 0.4580078125 0.3095703125 0.0244140625 0.068359375
1 0.6806640625 0.66796875 0.0458984375 0.1064453125
0 0.375 0.31640625 0.0107421875 0.0166015625