1 0.513671875 0.9189453125 0.046875 0.162109375
1 0.5927734375 0.955078125 0.044921875 0.08984375
1 0.5908203125 0.650390625 0.041015625 0.146484375
1 0.3466796875 0.716796875 0.0361328125 0.1865234375
1 0.3125 0.544921875 0.044921875 0.111328125
1 0.1123046875 0.46484375 0.0244140625 0.09375
1 0.2998046875 0.7822265625 0.0361328125 0.2001953125
1 0.390625 0.53125 0.041015625 0.0966796875
1 0.4755859375 0.47265625 0.0302734375 0.099609375
1 0.5859375 0.5078125 0.033203125 0.1044921875
1 0.3525390625 0.478515625 0.0263671875 0.0888671875
1 0.37890625 0.486328125 0.033203125 0.099609375