1 0.23828125 0.734375 0.048828125 0.2138671875
1 0.1708984375 0.8134765625 0.0634765625 0.20703125
1 0.7861328125 0.453125 0.04296875 0.1123046875
1 0.107421875 0.40234375 0.0263671875 0.1025390625
1 0.7373046875 0.515625 0.041015625 0.130859375
1 0.4443359375 0.3955078125 0.0224609375 0.099609375
1 0.5927734375 0.4775390625 0.025390625 0.115234375
1 0.4169921875 0.8037109375 0.0576171875 0.146484375
1 0.4892578125 0.484375 0.02734375 0.1201171875
1 0.564453125 0.3623046875 0.0263671875 0.087890625
1 0.3662109375 0.916015625 0.0576171875 0.16796875
1 0.28125 0.7119140625 0.044921875 0.220703125
0 0.498046875 0.5283203125 0.0126953125 0.0224609375
1 0.7197265625 0.396484375 0.0322265625 0.1015625
1 0.734375 0.4267578125 0.0244140625 0.111328125