1 0.4619140625 0.5224609375 0.0322265625 0.095703125
1 0.755859375 0.7275390625 0.0439453125 0.2109375
1 0.810546875 0.7607421875 0.0537109375 0.2138671875
1 0.19140625 0.56640625 0.03515625 0.134765625
1 0.3310546875 0.4482421875 0.0302734375 0.0966796875
1 0.2724609375 0.41015625 0.0322265625 0.0830078125
1 0.44921875 0.3759765625 0.0263671875 0.0810546875
1 0.375 0.4287109375 0.0224609375 0.083984375
1 0.517578125 0.42578125 0.0283203125 0.0927734375
1 0.9541015625 0.4228515625 0.025390625 0.095703125
1 0.53515625 0.5029296875 0.0224609375 0.0966796875
0 0.431640625 0.5791015625 0.01171875 0.01953125
1 0.869140625 0.830078125 0.0673828125 0.208984375