1 0.3203125 0.5625 0.0302734375 0.1376953125
1 0.7607421875 0.5703125 0.0302734375 0.130859375
1 0.890625 0.873046875 0.06640625 0.216796875
1 0.5791015625 0.4921875 0.021484375 0.099609375
1 0.822265625 0.4765625 0.0205078125 0.0869140625
1 0.7177734375 0.44140625 0.0224609375 0.0673828125
1 0.669921875 0.4384765625 0.0205078125 0.0771484375
0 0.69140625 0.43359375 0.0087890625 0.01953125
1 0.6875 0.4140625 0.015625 0.0546875
1 0.77734375 0.4814453125 0.0263671875 0.10546875
1 0.578125 0.44140625 0.02734375 0.0888671875