1 0.6220703125 0.6806640625 0.041015625 0.169921875
1 0.3740234375 0.734375 0.037109375 0.1748046875
1 0.7275390625 0.55078125 0.033203125 0.1435546875
1 0.4189453125 0.861328125 0.046875 0.2451171875
1 0.705078125 0.712890625 0.0380859375 0.18359375
1 0.12109375 0.5322265625 0.033203125 0.13671875
1 0.365234375 0.4462890625 0.0283203125 0.1142578125
1 0.2314453125 0.4765625 0.0322265625 0.0986328125
1 0.5244140625 0.44140625 0.0234375 0.107421875
1 0.6376953125 0.3994140625 0.0185546875 0.083984375
1 0.529296875 0.388671875 0.01953125 0.076171875