1 0.8984375 0.5712890625 0.05859375 0.171875
1 0.724609375 0.810546875 0.0693359375 0.1484375
1 0.5205078125 0.4775390625 0.046875 0.11328125
1 0.916015625 0.375 0.0302734375 0.091796875
1 0.763671875 0.44140625 0.0224609375 0.111328125
1 0.3359375 0.4267578125 0.0244140625 0.1142578125
1 0.2421875 0.3642578125 0.0283203125 0.0888671875
1 0.796875 0.453125 0.0224609375 0.1279296875
1 0.380859375 0.7939453125 0.0517578125 0.1298828125
0 0.220703125 0.4208984375 0.0087890625 0.0166015625
1 0.814453125 0.375 0.0263671875 0.0947265625