1 0.1181640625 0.404296875 0.0419921875 0.140625
1 0.0341796875 0.353515625 0.048828125 0.130859375
1 0.6669921875 0.3125 0.0263671875 0.10546875
1 0.728515625 0.3037109375 0.021484375 0.1044921875
1 0.396484375 0.296875 0.0244140625 0.0927734375
1 0.3564453125 0.271484375 0.03125 0.080078125
1 0.71875 0.662109375 0.05078125 0.1162109375
1 0.509765625 0.26171875 0.0224609375 0.091796875
1 0.79296875 0.2783203125 0.017578125 0.091796875
1 0.302734375 0.29296875 0.0244140625 0.1015625
0 0.3134765625 0.3046875 0.01171875 0.0185546875