1 0.140625 0.83984375 0.0556640625 0.2529296875
1 0.677734375 0.5361328125 0.037109375 0.12890625
1 0.9150390625 0.4853515625 0.03125 0.115234375
1 0.0205078125 0.4521484375 0.03125 0.1015625
1 0.5537109375 0.509765625 0.029296875 0.111328125
1 0.4345703125 0.490234375 0.025390625 0.1201171875
1 0.4052734375 0.4833984375 0.033203125 0.123046875
1 0.279296875 0.837890625 0.0634765625 0.2197265625
1 0.52734375 0.3876953125 0.0205078125 0.076171875
0 0.50390625 0.4755859375 0.01171875 0.01953125
1 0.384765625 0.4912109375 0.0302734375 0.1220703125