1 0.65625 0.6640625 0.041015625 0.169921875
1 0.408203125 0.7177734375 0.037109375 0.1748046875
1 0.76171875 0.5341796875 0.033203125 0.1435546875
1 0.453125 0.8447265625 0.046875 0.2451171875
1 0.7392578125 0.6962890625 0.0380859375 0.18359375
1 0.1552734375 0.515625 0.033203125 0.13671875
1 0.3994140625 0.4287109375 0.0283203125 0.1142578125
1 0.265625 0.4599609375 0.0322265625 0.0986328125
1 0.55859375 0.4248046875 0.0234375 0.107421875
1 0.671875 0.3818359375 0.0185546875 0.083984375
1 0.564453125 0.3720703125 0.01953125 0.076171875