1 0.212890625 0.888671875 0.05859375 0.2109375
1 0.431640625 0.9326171875 0.0498046875 0.1279296875
1 0.525390625 0.6513671875 0.037109375 0.1279296875
1 0.208984375 0.5556640625 0.0283203125 0.08984375
1 0.7470703125 0.5224609375 0.0234375 0.083984375
1 0.81640625 0.4755859375 0.0185546875 0.0849609375
1 0.337890625 0.49609375 0.017578125 0.072265625
1 0.6767578125 0.498046875 0.0185546875 0.091796875
1 0.2412109375 0.48046875 0.01953125 0.072265625
1 0.4658203125 0.4716796875 0.025390625 0.076171875
1 0.599609375 0.44921875 0.0185546875 0.0712890625
0 0.4560546875 0.505859375 0.01171875 0.0146484375