1 0.375 0.8408203125 0.0576171875 0.2431640625
1 0.2236328125 0.7587890625 0.052734375 0.2138671875
1 0.5634765625 0.431640625 0.0439453125 0.115234375
1 0.2998046875 0.716796875 0.052734375 0.2236328125
1 0.6416015625 0.4697265625 0.0498046875 0.119140625
1 0.404296875 0.62109375 0.037109375 0.1865234375
1 0.353515625 0.4677734375 0.025390625 0.123046875
1 0.7333984375 0.4052734375 0.025390625 0.0986328125
1 0.09765625 0.3955078125 0.0244140625 0.1015625
1 0.703125 0.365234375 0.0234375 0.0859375
0 0.6796875 0.3837890625 0.015625 0.0166015625