1 0.380859375 0.7099609375 0.064453125 0.203125
1 0.3193359375 0.462890625 0.0439453125 0.1376953125
1 0.2578125 0.6484375 0.0478515625 0.173828125
1 0.7509765625 0.458984375 0.04296875 0.142578125
1 0.904296875 0.8701171875 0.078125 0.259765625
1 0.208984375 0.349609375 0.025390625 0.0859375
1 0.7626953125 0.333984375 0.0244140625 0.09765625
1 0.158203125 0.6875 0.048828125 0.2001953125
0 0.294921875 0.5126953125 0.013671875 0.0244140625
1 0.943359375 0.6962890625 0.048828125 0.255859375
1 0.9677734375 0.609375 0.0380859375 0.212890625