1 0.330078125 0.7724609375 0.0546875 0.2158203125
1 0.232421875 0.865234375 0.0478515625 0.2509765625
1 0.7451171875 0.4775390625 0.0341796875 0.1142578125
1 0.384765625 0.7587890625 0.04296875 0.1416015625
1 0.1826171875 0.8544921875 0.0517578125 0.2412109375
1 0.216796875 0.43359375 0.03125 0.1064453125
1 0.3427734375 0.4228515625 0.0341796875 0.11328125
1 0.2880859375 0.4130859375 0.02734375 0.1064453125
1 0.5849609375 0.396484375 0.02734375 0.0986328125
1 0.4775390625 0.4267578125 0.01953125 0.095703125
0 0.7822265625 0.5009765625 0.0078125 0.0126953125
1 0.572265625 0.3720703125 0.0234375 0.0849609375
1 0.333984375 0.4091796875 0.0126953125 0.0888671875