1 0.140625 0.8154296875 0.060546875 0.267578125
1 0.314453125 0.4384765625 0.0341796875 0.13671875
1 0.50390625 0.5224609375 0.05078125 0.1494140625
1 0.7548828125 0.3583984375 0.02734375 0.1064453125
1 0.4072265625 0.4697265625 0.0263671875 0.130859375
1 0.98046875 0.3330078125 0.03125 0.1083984375
1 0.625 0.3408203125 0.037109375 0.09375
1 0.6923828125 0.326171875 0.0283203125 0.09375
1 0.4453125 0.345703125 0.0283203125 0.103515625
1 0.4130859375 0.3134765625 0.0302734375 0.1005859375
1 0.2001953125 0.7900390625 0.0693359375 0.150390625
1 0.55859375 0.76171875 0.0537109375 0.15234375
0 0.490234375 0.51953125 0.0166015625 0.02734375