1 0.28515625 0.439453125 0.0302734375 0.1298828125
1 0.0234375 0.4326171875 0.0380859375 0.134765625
1 0.7568359375 0.6826171875 0.041015625 0.1572265625
1 0.5517578125 0.3701171875 0.033203125 0.080078125
1 0.9345703125 0.376953125 0.0244140625 0.08984375
1 0.478515625 0.4189453125 0.0283203125 0.11328125
1 0.578125 0.3349609375 0.0185546875 0.078125
1 0.427734375 0.3095703125 0.0205078125 0.0712890625
1 0.48828125 0.3671875 0.0234375 0.0869140625
1 0.484375 0.3251953125 0.0224609375 0.0732421875
0 0.4287109375 0.341796875 0.013671875 0.01953125