1 0.2138671875 0.84375 0.0810546875 0.283203125
1 0.1416015625 0.6611328125 0.05078125 0.220703125
1 0.3564453125 0.4677734375 0.04296875 0.1396484375
1 0.40625 0.5205078125 0.052734375 0.16015625
1 0.6552734375 0.6181640625 0.0478515625 0.17578125
1 0.3984375 0.29296875 0.0224609375 0.0830078125
1 0.82421875 0.3427734375 0.025390625 0.0966796875
1 0.615234375 0.6796875 0.0380859375 0.1796875
1 0.9013671875 0.455078125 0.0263671875 0.1083984375
1 0.0283203125 0.3115234375 0.03125 0.119140625
0 0.9375 0.4384765625 0.0107421875 0.0185546875