1 0.619140625 0.7880859375 0.0537109375 0.189453125
1 0.056640625 0.8916015625 0.0458984375 0.20703125
1 0.439453125 0.7119140625 0.037109375 0.1533203125
1 0.8427734375 0.69140625 0.04296875 0.1552734375
1 0.12890625 0.705078125 0.044921875 0.1513671875
1 0.2412109375 0.580078125 0.0341796875 0.1181640625
1 0.4755859375 0.5244140625 0.01953125 0.08984375
1 0.126953125 0.5322265625 0.0205078125 0.0927734375
1 0.357421875 0.490234375 0.017578125 0.0703125
0 0.2294921875 0.7236328125 0.0205078125 0.0302734375
1 0.15234375 0.724609375 0.0576171875 0.166015625