1 0.482421875 0.8994140625 0.0546875 0.201171875
1 0.6328125 0.9150390625 0.05859375 0.1689453125
1 0.94921875 0.576171875 0.0458984375 0.1279296875
1 0.3466796875 0.810546875 0.0556640625 0.2060546875
1 0.4072265625 0.8310546875 0.0517578125 0.2041015625
1 0.34765625 0.5986328125 0.0390625 0.146484375
1 0.103515625 0.478515625 0.033203125 0.1328125
1 0.5537109375 0.4990234375 0.03125 0.1123046875
1 0.251953125 0.5322265625 0.0263671875 0.1171875
1 0.6181640625 0.466796875 0.0185546875 0.09765625
1 0.42578125 0.435546875 0.01953125 0.09375
1 0.5244140625 0.4560546875 0.01953125 0.09765625
1 0.103515625 0.427734375 0.021484375 0.0537109375