1 0.6396484375 0.794921875 0.044921875 0.2275390625
1 0.57421875 0.7802734375 0.044921875 0.2080078125
1 0.515625 0.802734375 0.0595703125 0.1455078125
1 0.154296875 0.5126953125 0.03515625 0.1220703125
1 0.029296875 0.521484375 0.0380859375 0.1298828125
1 0.38671875 0.509765625 0.0283203125 0.1142578125
1 0.59375 0.474609375 0.021484375 0.09375
1 0.4169921875 0.4287109375 0.03125 0.0927734375
1 0.3564453125 0.427734375 0.0244140625 0.0859375
1 0.330078125 0.4462890625 0.0224609375 0.0888671875
1 0.6484375 0.4208984375 0.0146484375 0.083984375
1 0.5205078125 0.3984375 0.0166015625 0.0693359375
1 0.4208984375 0.8701171875 0.0634765625 0.1494140625
0 0.3701171875 0.4638671875 0.0078125 0.0185546875