1 0.6435546875 0.7421875 0.0322265625 0.2001953125
1 0.0595703125 0.7265625 0.0478515625 0.17578125
1 0.705078125 0.662109375 0.0341796875 0.1533203125
1 0.1474609375 0.505859375 0.041015625 0.09765625
1 0.5400390625 0.50390625 0.025390625 0.1201171875
1 0.1953125 0.5126953125 0.02734375 0.0986328125
1 0.5107421875 0.5029296875 0.0205078125 0.109375
1 0.439453125 0.470703125 0.02734375 0.0810546875
1 0.400390625 0.916015625 0.0654296875 0.16796875
1 0.4208984375 0.4228515625 0.0263671875 0.0810546875
1 0.1279296875 0.4619140625 0.03515625 0.09765625
0 0.2763671875 0.49609375 0.0126953125 0.0263671875