1 0.4208984375 0.8447265625 0.0380859375 0.2138671875
1 0.4833984375 0.8154296875 0.0458984375 0.1953125
1 0.8994140625 0.67578125 0.037109375 0.1611328125
1 0.337890625 0.9091796875 0.0537109375 0.1728515625
1 0.28125 0.515625 0.0283203125 0.1025390625
1 0.5517578125 0.4716796875 0.02734375 0.1015625
1 0.7734375 0.45703125 0.0322265625 0.1015625
1 0.7138671875 0.42578125 0.0224609375 0.0830078125
1 0.4228515625 0.4384765625 0.0205078125 0.0810546875
1 0.5869140625 0.4599609375 0.0244140625 0.080078125
1 0.607421875 0.40625 0.0146484375 0.0712890625
1 0.580078125 0.4228515625 0.017578125 0.072265625
0 0.3544921875 0.4365234375 0.0107421875 0.013671875