1 0.4052734375 0.587890625 0.0380859375 0.1123046875
1 0.4990234375 0.83203125 0.0458984375 0.1826171875
1 0.537109375 0.541015625 0.0439453125 0.123046875
1 0.57421875 0.5029296875 0.0283203125 0.0986328125
1 0.4560546875 0.5537109375 0.0302734375 0.09375
1 0.6259765625 0.4609375 0.021484375 0.0791015625
1 0.3798828125 0.5 0.0234375 0.0751953125
1 0.6796875 0.5029296875 0.025390625 0.080078125
1 0.658203125 0.818359375 0.0703125 0.1787109375
0 0.490234375 0.60546875 0.013671875 0.0263671875
1 0.4736328125 0.486328125 0.0244140625 0.0791015625
1 0.537109375 0.51171875 0.0283203125 0.08203125