1 0.943359375 0.708984375 0.06640625 0.1611328125
1 0.0625 0.78125 0.0556640625 0.19921875
1 0.6318359375 0.5810546875 0.0322265625 0.146484375
1 0.123046875 0.4990234375 0.03125 0.1025390625
1 0.80078125 0.482421875 0.0234375 0.1123046875
1 0.6630859375 0.390625 0.025390625 0.0712890625
1 0.24609375 0.4345703125 0.025390625 0.0888671875
1 0.341796875 0.5166015625 0.0244140625 0.10546875
1 0.5361328125 0.4453125 0.0224609375 0.0908203125
1 0.955078125 0.4189453125 0.0302734375 0.0849609375
1 0.46875 0.4169921875 0.017578125 0.064453125
0 0.76953125 0.5244140625 0.0107421875 0.0185546875