1 0.5546875 0.357421875 0.0302734375 0.1044921875
1 0.3857421875 0.3720703125 0.0400390625 0.0869140625
1 0.66796875 0.4951171875 0.0283203125 0.14453125
1 0.791015625 0.3369140625 0.0263671875 0.1015625
1 0.216796875 0.3369140625 0.0244140625 0.09375
1 0.583984375 0.42578125 0.0263671875 0.12890625
1 0.328125 0.36328125 0.021484375 0.09375
1 0.5986328125 0.8076171875 0.0537109375 0.181640625
1 0.466796875 0.44921875 0.0390625 0.12109375
0 0.48046875 0.482421875 0.0126953125 0.0263671875
1 0.447265625 0.42578125 0.052734375 0.1064453125