1 0.2451171875 0.59375 0.052734375 0.18359375
1 0.9541015625 0.4638671875 0.056640625 0.15625
1 0.9619140625 0.6689453125 0.064453125 0.1611328125
1 0.6943359375 0.3564453125 0.03125 0.1123046875
1 0.7373046875 0.4189453125 0.02734375 0.1279296875
1 0.7890625 0.357421875 0.03515625 0.1162109375
1 0.751953125 0.30078125 0.0302734375 0.0830078125
0 0.0927734375 0.4189453125 0.0126953125 0.0224609375
1 0.0673828125 0.365234375 0.0439453125 0.119140625
1 0.3828125 0.41015625 0.021484375 0.134765625
1 0.9716796875 0.333984375 0.033203125 0.1044921875
1 0.314453125 0.755859375 0.05078125 0.14453125
1 0.771484375 0.2734375 0.021484375 0.0869140625