1 0.3447265625 0.6044921875 0.0517578125 0.1708984375
1 0.0751953125 0.365234375 0.0478515625 0.123046875
1 0.4013671875 0.4375 0.0302734375 0.14453125
1 0.66796875 0.3681640625 0.0244140625 0.1201171875
1 0.6298828125 0.3076171875 0.03125 0.0888671875
1 0.8486328125 0.6669921875 0.056640625 0.1533203125
1 0.71875 0.53515625 0.046875 0.17578125
1 0.716796875 0.3916015625 0.0283203125 0.125
1 0.7041015625 0.478515625 0.03125 0.1494140625
1 0.64453125 0.28515625 0.017578125 0.0849609375
0 0.126953125 0.4443359375 0.0146484375 0.0224609375