1 0.8662109375 0.5 0.0517578125 0.125
1 0.509765625 0.5234375 0.0390625 0.150390625
1 0.13671875 0.5478515625 0.037109375 0.1416015625
1 0.201171875 0.4130859375 0.025390625 0.111328125
1 0.736328125 0.4296875 0.0341796875 0.09765625
1 0.78515625 0.36328125 0.0224609375 0.07421875
1 0.65625 0.42578125 0.03125 0.1171875
1 0.8876953125 0.3701171875 0.0283203125 0.09375
1 0.4970703125 0.8271484375 0.0556640625 0.1640625
0 0.7314453125 0.484375 0.015625 0.0244140625
1 0.646484375 0.416015625 0.0185546875 0.119140625