1 0.08984375 0.603515625 0.0703125 0.2138671875
1 0.216796875 0.625 0.0654296875 0.2177734375
1 0.2705078125 0.3046875 0.0322265625 0.12109375
1 0.140625 0.30859375 0.033203125 0.123046875
1 0.546875 0.2861328125 0.0302734375 0.123046875
1 0.7197265625 0.2421875 0.033203125 0.103515625
1 0.7490234375 0.34765625 0.048828125 0.1298828125
1 0.0849609375 0.2783203125 0.0283203125 0.1064453125
1 0.845703125 0.3388671875 0.0439453125 0.1337890625
1 0.46875 0.2255859375 0.0224609375 0.0908203125
1 0.7216796875 0.6806640625 0.05859375 0.119140625
0 0.7998046875 0.3583984375 0.015625 0.0263671875