1 0.24609375 0.5908203125 0.0537109375 0.1865234375
1 0.966796875 0.4580078125 0.0576171875 0.1591796875
1 0.970703125 0.6669921875 0.05859375 0.1640625
1 0.703125 0.3486328125 0.0322265625 0.1142578125
1 0.74609375 0.412109375 0.02734375 0.1298828125
1 0.798828125 0.3505859375 0.03515625 0.1181640625
1 0.7607421875 0.29296875 0.03125 0.0849609375
0 0.091796875 0.412109375 0.0126953125 0.0224609375
1 0.0654296875 0.3583984375 0.044921875 0.12109375
1 0.3857421875 0.404296875 0.021484375 0.1376953125
1 0.9833984375 0.326171875 0.0322265625 0.1064453125
1 0.3173828125 0.7548828125 0.0517578125 0.146484375
1 0.78125 0.2646484375 0.021484375 0.087890625