1 0.189453125 0.37109375 0.04296875 0.1240234375
1 0.021484375 0.4638671875 0.04296875 0.1513671875
1 0.5009765625 0.4130859375 0.0341796875 0.09765625
1 0.5107421875 0.3037109375 0.0205078125 0.09765625
1 0.43359375 0.27734375 0.0322265625 0.0810546875
1 0.7509765625 0.3134765625 0.0205078125 0.091796875
1 0.6494140625 0.6494140625 0.044921875 0.1162109375
1 0.7353515625 0.646484375 0.044921875 0.1337890625
1 0.8212890625 0.3779296875 0.025390625 0.1162109375
0 0.2822265625 0.3759765625 0.0107421875 0.0166015625
1 0.4150390625 0.322265625 0.029296875 0.0966796875
1 0.427734375 0.2705078125 0.01953125 0.08984375