1 0.9326171875 0.6259765625 0.0439453125 0.1474609375
1 0.0927734375 0.875 0.0400390625 0.2119140625
1 0.2919921875 0.6572265625 0.041015625 0.1474609375
1 0.123046875 0.5654296875 0.03125 0.1083984375
1 0.435546875 0.564453125 0.025390625 0.111328125
1 0.232421875 0.498046875 0.0244140625 0.0751953125
1 0.06640625 0.576171875 0.0361328125 0.08984375
1 0.255859375 0.5556640625 0.01953125 0.1005859375
1 0.3701171875 0.9228515625 0.0439453125 0.1328125
1 0.0986328125 0.546875 0.0263671875 0.0947265625
0 0.2177734375 0.4951171875 0.009765625 0.0263671875
1 0.279296875 0.6357421875 0.029296875 0.1376953125