1 0.7392578125 0.5703125 0.0380859375 0.1630859375
1 0.4599609375 0.466796875 0.0283203125 0.1279296875
1 0.84375 0.880859375 0.07421875 0.234375
1 0.8984375 0.416015625 0.0322265625 0.109375
1 0.0244140625 0.3779296875 0.0283203125 0.109375
1 0.5712890625 0.3798828125 0.0322265625 0.0947265625
1 0.6416015625 0.3447265625 0.029296875 0.087890625
1 0.9052734375 0.7734375 0.0673828125 0.23046875
1 0.2900390625 0.357421875 0.0263671875 0.0849609375
1 0.521484375 0.3564453125 0.0234375 0.0859375
1 0.267578125 0.3798828125 0.021484375 0.1015625
0 0.5244140625 0.5185546875 0.013671875 0.025390625