1 0.11328125 0.673828125 0.0458984375 0.2001953125
1 0.515625 0.4287109375 0.0244140625 0.1083984375
1 0.9765625 0.43359375 0.04296875 0.1181640625
1 0.2578125 0.6435546875 0.0390625 0.1982421875
1 0.486328125 0.783203125 0.060546875 0.13671875
1 0.1982421875 0.3515625 0.0322265625 0.09375
1 0.2548828125 0.3359375 0.0234375 0.08203125
1 0.6455078125 0.3544921875 0.0244140625 0.087890625
1 0.30859375 0.423828125 0.0302734375 0.10546875
1 0.666015625 0.373046875 0.0185546875 0.0908203125
1 0.287109375 0.4140625 0.0263671875 0.0986328125
1 0.2958984375 0.3671875 0.021484375 0.0537109375
0 0.18359375 0.2998046875 0.0087890625 0.0126953125