1 0.2109375 0.8447265625 0.048828125 0.2373046875
1 0.3134765625 0.890625 0.0576171875 0.2177734375
1 0.466796875 0.572265625 0.0390625 0.1181640625
1 0.107421875 0.4833984375 0.021484375 0.0927734375
1 0.6337890625 0.5166015625 0.03125 0.1083984375
1 0.5361328125 0.453125 0.0234375 0.08984375
1 0.830078125 0.4892578125 0.025390625 0.103515625
1 0.30078125 0.46875 0.0302734375 0.0986328125
1 0.6025390625 0.5771484375 0.02734375 0.1259765625
1 0.8974609375 0.474609375 0.0234375 0.08984375
1 0.162109375 0.9111328125 0.056640625 0.166015625
1 0.4755859375 0.9111328125 0.0498046875 0.134765625
1 0.439453125 0.4326171875 0.017578125 0.0703125
0 0.4501953125 0.462890625 0.0078125 0.0205078125