1 0.0908203125 0.6796875 0.0556640625 0.205078125
1 0.2099609375 0.67578125 0.044921875 0.1923828125
1 0.322265625 0.4296875 0.0400390625 0.1162109375
1 0.6201171875 0.4208984375 0.025390625 0.109375
1 0.4677734375 0.796875 0.0673828125 0.142578125
1 0.578125 0.390625 0.01953125 0.0908203125
1 0.3896484375 0.32421875 0.0224609375 0.0771484375
1 0.7080078125 0.357421875 0.025390625 0.0888671875
1 0.2705078125 0.34375 0.01953125 0.0771484375
1 0.7255859375 0.3681640625 0.0263671875 0.099609375
0 0.3828125 0.3603515625 0.0107421875 0.017578125
1 0.2998046875 0.3720703125 0.03125 0.0908203125