1 0.650390625 0.7177734375 0.0419921875 0.1640625
1 0.603515625 0.7333984375 0.0419921875 0.1748046875
1 0.548828125 0.810546875 0.0537109375 0.193359375
1 0.1328125 0.515625 0.03515625 0.0986328125
1 0.537109375 0.521484375 0.03125 0.1064453125
1 0.7392578125 0.5029296875 0.025390625 0.103515625
1 0.861328125 0.4658203125 0.025390625 0.09765625
1 0.4892578125 0.4208984375 0.0185546875 0.076171875
1 0.40625 0.4765625 0.0185546875 0.09765625
1 0.5830078125 0.4013671875 0.013671875 0.0732421875
1 0.423828125 0.4306640625 0.0166015625 0.0771484375
1 0.86328125 0.4169921875 0.0205078125 0.0517578125