1 0.6650390625 0.7412109375 0.0439453125 0.1689453125
1 0.6162109375 0.7578125 0.04296875 0.1806640625
1 0.5595703125 0.8369140625 0.0556640625 0.2001953125
1 0.1298828125 0.5322265625 0.0361328125 0.1025390625
1 0.546875 0.5390625 0.0322265625 0.1103515625
1 0.755859375 0.51953125 0.0263671875 0.107421875
1 0.8818359375 0.4814453125 0.0263671875 0.1005859375
1 0.498046875 0.4345703125 0.01953125 0.078125
1 0.412109375 0.4921875 0.01953125 0.1005859375
1 0.5947265625 0.4140625 0.0146484375 0.0751953125
1 0.4306640625 0.4453125 0.017578125 0.0791015625
1 0.8837890625 0.4296875 0.021484375 0.0537109375