1 0.30078125 0.455078125 0.0302734375 0.1396484375
1 0.5458984375 0.4052734375 0.029296875 0.1025390625
1 0.9169921875 0.7900390625 0.0703125 0.208984375
1 0.845703125 0.37890625 0.0205078125 0.09765625
1 0.5205078125 0.3359375 0.0302734375 0.0810546875
1 0.716796875 0.3515625 0.017578125 0.0732421875
1 0.6953125 0.37890625 0.0224609375 0.1103515625
1 0.6689453125 0.3974609375 0.0283203125 0.1123046875
1 0.6875 0.30859375 0.015625 0.0654296875
0 0.5068359375 0.3681640625 0.0107421875 0.01953125
1 0.6875 0.33984375 0.01953125 0.0546875