1 0.2578125 0.609375 0.0556640625 0.1826171875
1 0.837890625 0.521484375 0.087890625 0.1689453125
1 0.76953125 0.3876953125 0.0400390625 0.1337890625
1 0.7392578125 0.4609375 0.03515625 0.142578125
1 0.9755859375 0.6982421875 0.048828125 0.146484375
1 0.6884765625 0.37109375 0.03515625 0.1181640625
1 0.3798828125 0.421875 0.02734375 0.140625
1 0.0576171875 0.3759765625 0.044921875 0.1240234375
1 0.7294921875 0.283203125 0.02734375 0.1005859375
0 0.08203125 0.431640625 0.0146484375 0.0244140625
1 0.9912109375 0.3388671875 0.017578125 0.111328125
1 0.65625 0.7353515625 0.0732421875 0.1337890625
1 0.7021484375 0.3125 0.0234375 0.0966796875