1 0.314453125 0.7802734375 0.0498046875 0.2197265625
1 0.6337890625 0.677734375 0.0380859375 0.16796875
1 0.701171875 0.5126953125 0.0302734375 0.1416015625
1 0.42578125 0.8603515625 0.0498046875 0.2490234375
1 0.1826171875 0.51953125 0.033203125 0.1357421875
1 0.2353515625 0.470703125 0.0341796875 0.08984375
1 0.7236328125 0.701171875 0.0361328125 0.1806640625
1 0.4072265625 0.423828125 0.029296875 0.109375
1 0.57421875 0.4326171875 0.025390625 0.1103515625
1 0.283203125 0.4052734375 0.01953125 0.095703125
1 0.6494140625 0.380859375 0.0205078125 0.080078125
1 0.5634765625 0.373046875 0.01953125 0.0869140625