1 0.7333984375 0.73828125 0.0458984375 0.2041015625
1 0.796875 0.8125 0.060546875 0.197265625
1 0.2109375 0.46875 0.041015625 0.107421875
1 0.857421875 0.419921875 0.025390625 0.09765625
1 0.2568359375 0.529296875 0.0390625 0.125
1 0.5361328125 0.4140625 0.0205078125 0.0947265625
1 0.3955078125 0.4921875 0.0244140625 0.1103515625
1 0.5625 0.8037109375 0.0546875 0.1396484375
1 0.4931640625 0.4990234375 0.0263671875 0.1142578125
1 0.421875 0.3828125 0.025390625 0.083984375
1 0.6103515625 0.912109375 0.0546875 0.1630859375
1 0.6923828125 0.7158203125 0.04296875 0.2099609375
0 0.484375 0.541015625 0.0126953125 0.021484375
1 0.2734375 0.4150390625 0.03125 0.0966796875
1 0.259765625 0.4443359375 0.0234375 0.1064453125