1 0.3642578125 0.771484375 0.060546875 0.23828125
1 0.255859375 0.8671875 0.052734375 0.265625
1 0.8232421875 0.4443359375 0.037109375 0.1259765625
1 0.4248046875 0.755859375 0.0478515625 0.1572265625
1 0.201171875 0.861328125 0.0576171875 0.267578125
1 0.2392578125 0.396484375 0.0341796875 0.1181640625
1 0.3779296875 0.3837890625 0.037109375 0.125
1 0.318359375 0.373046875 0.0302734375 0.1181640625
1 0.646484375 0.3544921875 0.0302734375 0.1083984375
1 0.5263671875 0.3876953125 0.021484375 0.10546875
0 0.8642578125 0.470703125 0.0087890625 0.0146484375
1 0.6318359375 0.3271484375 0.025390625 0.09375
1 0.3681640625 0.369140625 0.0146484375 0.09765625