1 0.1533203125 0.4208984375 0.0380859375 0.1162109375
1 0.2529296875 0.4755859375 0.04296875 0.142578125
1 0.3330078125 0.4248046875 0.03515625 0.12109375
1 0.4482421875 0.4384765625 0.0341796875 0.1162109375
1 0.8134765625 0.5986328125 0.044921875 0.171875
1 0.7802734375 0.427734375 0.0302734375 0.1337890625
1 0.119140625 0.4736328125 0.0302734375 0.142578125
1 0.5185546875 0.73828125 0.064453125 0.1357421875
1 0.4638671875 0.3203125 0.0263671875 0.08203125
1 0.61328125 0.3447265625 0.021484375 0.091796875
0 0.357421875 0.4287109375 0.0107421875 0.01953125
1 0.7744140625 0.3291015625 0.0185546875 0.1025390625