1 0.6298828125 0.7451171875 0.05859375 0.1962890625
1 0.7060546875 0.8095703125 0.0517578125 0.2021484375
1 0.4306640625 0.4931640625 0.0302734375 0.1083984375
1 0.3486328125 0.4111328125 0.0302734375 0.0888671875
1 0.5751953125 0.53515625 0.0380859375 0.1162109375
1 0.599609375 0.40234375 0.0205078125 0.083984375
1 0.3955078125 0.4501953125 0.0244140625 0.08984375
1 0.75390625 0.4072265625 0.0205078125 0.080078125
1 0.5009765625 0.8203125 0.056640625 0.140625
1 0.171875 0.4873046875 0.041015625 0.1044921875
1 0.43359375 0.3876953125 0.0244140625 0.0751953125
0 0.5625 0.5546875 0.0126953125 0.025390625
1 0.1708984375 0.4775390625 0.05078125 0.107421875