1 0.6435546875 0.583984375 0.0283203125 0.12890625
1 0.232421875 0.591796875 0.0283203125 0.1220703125
1 0.1123046875 0.873046875 0.0615234375 0.2021484375
1 0.40234375 0.5185546875 0.0205078125 0.0927734375
1 0.1748046875 0.50390625 0.01953125 0.080078125
1 0.2734375 0.4716796875 0.0205078125 0.0625
1 0.3173828125 0.46875 0.01953125 0.072265625
0 0.2978515625 0.46484375 0.0087890625 0.017578125
1 0.30078125 0.4462890625 0.0146484375 0.05078125
1 0.2177734375 0.5087890625 0.025390625 0.0986328125
1 0.4033203125 0.470703125 0.025390625 0.0830078125