1 0.3427734375 0.3505859375 0.0361328125 0.1103515625
1 0.2880859375 0.3525390625 0.0302734375 0.1142578125
1 0.8095703125 0.390625 0.03125 0.125
1 0.8447265625 0.328125 0.0244140625 0.107421875
1 0.583984375 0.3232421875 0.0283203125 0.1171875
1 0.0595703125 0.3037109375 0.0263671875 0.09765625
1 0.384765625 0.291015625 0.021484375 0.0732421875
1 0.6982421875 0.771484375 0.05859375 0.1513671875
1 0.548828125 0.265625 0.021484375 0.0849609375
0 0.5390625 0.302734375 0.0107421875 0.017578125
1 0.578125 0.2822265625 0.0361328125 0.0771484375