1 0.3427734375 0.7412109375 0.044921875 0.1982421875
1 0.6298828125 0.6494140625 0.0341796875 0.1513671875
1 0.69140625 0.5009765625 0.02734375 0.1279296875
1 0.443359375 0.8134765625 0.044921875 0.2236328125
1 0.2236328125 0.5078125 0.0302734375 0.1220703125
1 0.2724609375 0.4638671875 0.0302734375 0.080078125
1 0.7119140625 0.6708984375 0.0322265625 0.1630859375
1 0.4267578125 0.4208984375 0.0263671875 0.0986328125
1 0.576171875 0.4287109375 0.0224609375 0.0986328125
1 0.314453125 0.404296875 0.017578125 0.0859375
1 0.6435546875 0.3828125 0.0185546875 0.072265625
1 0.5673828125 0.3759765625 0.017578125 0.078125