1 0.81640625 0.888671875 0.05859375 0.2216796875
1 0.4306640625 0.51171875 0.041015625 0.09375
1 0.37109375 0.49609375 0.0341796875 0.1044921875
1 0.185546875 0.4912109375 0.0244140625 0.1083984375
1 0.626953125 0.5068359375 0.037109375 0.1103515625
1 0.47265625 0.408203125 0.03515625 0.072265625
1 0.640625 0.8798828125 0.0498046875 0.1337890625
1 0.9853515625 0.88671875 0.029296875 0.2265625
1 0.6728515625 0.52734375 0.03125 0.1328125
1 0.892578125 0.888671875 0.0517578125 0.22265625
1 0.009765625 0.5771484375 0.01953125 0.1328125
0 0.455078125 0.451171875 0.01171875 0.01953125
1 0.6630859375 0.544921875 0.0361328125 0.1396484375