1 0.240234375 0.4755859375 0.0400390625 0.1337890625
1 0.7470703125 0.6064453125 0.033203125 0.1435546875
1 0.8115234375 0.4228515625 0.033203125 0.103515625
1 0.521484375 0.46875 0.0244140625 0.1162109375
1 0.376953125 0.373046875 0.025390625 0.0869140625
1 0.755859375 0.3681640625 0.01953125 0.08984375
1 0.537109375 0.3681640625 0.0185546875 0.0771484375
1 0.6201171875 0.36328125 0.0146484375 0.0859375
1 0.560546875 0.3916015625 0.017578125 0.0947265625
1 0.3291015625 0.380859375 0.0224609375 0.076171875
0 0.9306640625 0.505859375 0.013671875 0.03125