1 0.609375 0.826171875 0.0556640625 0.2314453125
1 0.75390625 0.748046875 0.05078125 0.2041015625
1 0.4296875 0.435546875 0.0419921875 0.1103515625
1 0.681640625 0.70703125 0.05078125 0.212890625
1 0.35546875 0.4716796875 0.0478515625 0.1142578125
1 0.58203125 0.6162109375 0.03515625 0.177734375
1 0.6298828125 0.4697265625 0.0244140625 0.1171875
1 0.2685546875 0.41015625 0.0244140625 0.0947265625
1 0.8740234375 0.4013671875 0.0234375 0.09765625
1 0.296875 0.373046875 0.0224609375 0.08203125
0 0.3193359375 0.3896484375 0.0146484375 0.015625