1 0.171875 0.685546875 0.0537109375 0.20703125
1 0.3623046875 0.8173828125 0.0576171875 0.1484375
1 0.6201171875 0.4677734375 0.03515625 0.1220703125
1 0.3115234375 0.8291015625 0.05078125 0.25
1 0.1591796875 0.5087890625 0.0283203125 0.12890625
1 0.0224609375 0.40234375 0.02734375 0.095703125
1 0.744140625 0.4990234375 0.03515625 0.0908203125
1 0.798828125 0.455078125 0.025390625 0.107421875
1 0.423828125 0.4462890625 0.02734375 0.1162109375
1 0.6943359375 0.4111328125 0.021484375 0.0869140625
1 0.28125 0.4013671875 0.021484375 0.0927734375
1 0.5087890625 0.4365234375 0.021484375 0.1025390625
0 0.5244140625 0.4833984375 0.01171875 0.0234375