1 0.2509765625 0.6611328125 0.033203125 0.1943359375
1 0.4853515625 0.787109375 0.064453125 0.138671875
1 0.130859375 0.654296875 0.0380859375 0.1650390625
1 0.439453125 0.3994140625 0.0380859375 0.09375
1 0.548828125 0.42578125 0.0302734375 0.109375
1 0.2646484375 0.3681640625 0.0283203125 0.076171875
1 0.3056640625 0.435546875 0.03515625 0.1181640625
0 0.3583984375 0.44140625 0.0107421875 0.01953125
1 0.3251953125 0.3349609375 0.0234375 0.0791015625
1 0.697265625 0.3779296875 0.0224609375 0.09765625
1 0.318359375 0.3740234375 0.0224609375 0.072265625
1 0.6767578125 0.365234375 0.0283203125 0.0908203125