1 0.8388671875 0.5654296875 0.0361328125 0.125
1 0.81640625 0.80859375 0.052734375 0.19921875
1 0.2763671875 0.482421875 0.02734375 0.107421875
1 0.6318359375 0.4453125 0.033203125 0.080078125
1 0.908203125 0.4384765625 0.0263671875 0.078125
1 0.21484375 0.4375 0.025390625 0.0927734375
1 0.501953125 0.5087890625 0.0322265625 0.1162109375
1 0.580078125 0.419921875 0.0205078125 0.0791015625
1 0.7880859375 0.396484375 0.0224609375 0.07421875
1 0.830078125 0.44140625 0.021484375 0.0849609375
1 0.7080078125 0.8017578125 0.044921875 0.123046875
0 0.60546875 0.4814453125 0.01171875 0.021484375