1 0.6611328125 0.765625 0.0419921875 0.2119140625
1 0.6005859375 0.7509765625 0.0419921875 0.193359375
1 0.5458984375 0.7734375 0.0556640625 0.134765625
1 0.208984375 0.501953125 0.033203125 0.1142578125
1 0.0927734375 0.5107421875 0.0361328125 0.12109375
1 0.42578125 0.5 0.0263671875 0.1064453125
1 0.6181640625 0.466796875 0.0205078125 0.0869140625
1 0.4541015625 0.4248046875 0.029296875 0.0859375
1 0.3974609375 0.4228515625 0.0224609375 0.080078125
1 0.373046875 0.4404296875 0.0205078125 0.08203125
1 0.669921875 0.4169921875 0.013671875 0.078125
1 0.55078125 0.396484375 0.0146484375 0.064453125
1 0.4580078125 0.8349609375 0.05859375 0.138671875
0 0.41015625 0.45703125 0.0068359375 0.0166015625