1 0.072265625 0.70703125 0.076171875 0.22265625
1 0.306640625 0.83984375 0.0546875 0.2705078125
1 0.841796875 0.5068359375 0.0322265625 0.140625
1 0.71484375 0.455078125 0.029296875 0.1298828125
1 0.0849609375 0.4658203125 0.02734375 0.12890625
1 0.716796875 0.904296875 0.046875 0.19140625
1 0.0107421875 0.392578125 0.0205078125 0.1064453125
1 0.6552734375 0.37890625 0.0283203125 0.0966796875
1 0.576171875 0.42578125 0.0322265625 0.1123046875
1 0.4931640625 0.484375 0.02734375 0.146484375
1 0.3291015625 0.390625 0.0224609375 0.1015625
0 0.513671875 0.5244140625 0.0126953125 0.0224609375
1 0.8203125 0.423828125 0.0400390625 0.123046875