1 0.400390625 0.7119140625 0.0302734375 0.185546875
1 0.9423828125 0.6982421875 0.044921875 0.1630859375
1 0.34375 0.638671875 0.0322265625 0.1416015625
1 0.8603515625 0.4931640625 0.0380859375 0.0908203125
1 0.4970703125 0.4912109375 0.0244140625 0.111328125
1 0.81640625 0.5 0.025390625 0.091796875
1 0.5244140625 0.490234375 0.01953125 0.1005859375
1 0.58984375 0.4609375 0.025390625 0.0751953125
1 0.6259765625 0.88671875 0.060546875 0.18359375
1 0.607421875 0.416015625 0.0244140625 0.0751953125
1 0.87890625 0.453125 0.0322265625 0.0908203125
0 0.7412109375 0.484375 0.01171875 0.0244140625