1 0.7080078125 0.560546875 0.0498046875 0.1904296875
1 0.783203125 0.5634765625 0.037109375 0.1689453125
1 0.359375 0.4228515625 0.0390625 0.134765625
1 0.587890625 0.6025390625 0.02734375 0.1943359375
1 0.3974609375 0.3447265625 0.029296875 0.1083984375
1 0.7197265625 0.265625 0.0205078125 0.0859375
1 0.298828125 0.271484375 0.0234375 0.0869140625
1 0.59375 0.3291015625 0.01953125 0.1064453125
1 0.6552734375 0.251953125 0.01953125 0.083984375
1 0.423828125 0.2685546875 0.02734375 0.0966796875
1 0.1376953125 0.263671875 0.0302734375 0.0859375
0 0.1484375 0.3056640625 0.0107421875 0.017578125
1 0.595703125 0.25390625 0.01953125 0.0849609375