1 0.603515625 0.6806640625 0.037109375 0.1650390625
1 0.4052734375 0.8359375 0.05859375 0.23828125
1 0.6884765625 0.662109375 0.0400390625 0.1650390625
1 0.2490234375 0.4482421875 0.0302734375 0.0888671875
1 0.525390625 0.4169921875 0.0263671875 0.1044921875
1 0.6201171875 0.388671875 0.0185546875 0.080078125
1 0.498046875 0.439453125 0.029296875 0.109375
1 0.564453125 0.3759765625 0.01953125 0.0810546875
1 0.4619140625 0.357421875 0.0185546875 0.072265625
1 0.6884765625 0.42578125 0.01953125 0.0966796875
1 0.6982421875 0.38671875 0.01953125 0.087890625
0 0.6748046875 0.392578125 0.005859375 0.0107421875