1 0.546875 0.806640625 0.0419921875 0.205078125
1 0.3916015625 0.56640625 0.03515625 0.1201171875
1 0.6962890625 0.58984375 0.0322265625 0.1318359375
1 0.59375 0.484375 0.02734375 0.0986328125
1 0.4443359375 0.5498046875 0.0224609375 0.1142578125
1 0.48046875 0.5048828125 0.0224609375 0.1015625
1 0.62890625 0.474609375 0.0263671875 0.1142578125
1 0.900390625 0.5478515625 0.044921875 0.078125
1 0.6982421875 0.5185546875 0.0244140625 0.1142578125
0 0.876953125 0.5751953125 0.0126953125 0.025390625
1 0.634765625 0.4541015625 0.0166015625 0.0771484375