1 0.6796875 0.7099609375 0.0537109375 0.189453125
1 0.4384765625 0.4326171875 0.04296875 0.1083984375
1 0.845703125 0.59765625 0.0302734375 0.158203125
1 0.455078125 0.609375 0.0390625 0.173828125
1 0.7890625 0.572265625 0.02734375 0.1611328125
1 0.6181640625 0.439453125 0.021484375 0.107421875
1 0.646484375 0.8896484375 0.041015625 0.2021484375
1 0.1142578125 0.4296875 0.029296875 0.078125
1 0.4716796875 0.39453125 0.0263671875 0.0830078125
1 0.3798828125 0.8486328125 0.0380859375 0.2060546875
1 0.2236328125 0.7880859375 0.0498046875 0.208984375
0 0.4150390625 0.5478515625 0.0146484375 0.025390625
1 0.421875 0.6435546875 0.044921875 0.16796875