1 0.7236328125 0.466796875 0.05859375 0.166015625
1 0.3017578125 0.55078125 0.0517578125 0.1962890625
1 0.2119140625 0.5439453125 0.0419921875 0.1826171875
1 0.4169921875 0.58984375 0.0322265625 0.201171875
1 0.400390625 0.236328125 0.0244140625 0.0966796875
1 0.5693359375 0.2138671875 0.0283203125 0.08984375
1 0.265625 0.2421875 0.0244140625 0.08984375
1 0.3134765625 0.2373046875 0.0283203125 0.095703125
1 0.6669921875 0.3291015625 0.0263671875 0.1279296875
1 0.859375 0.2392578125 0.0283203125 0.0888671875
1 0.73046875 0.236328125 0.0205078125 0.0888671875
0 0.845703125 0.2783203125 0.0107421875 0.0185546875
1 0.419921875 0.2841796875 0.0263671875 0.1064453125