1 0.8291015625 0.84375 0.072265625 0.2890625
1 0.9443359375 0.6708984375 0.060546875 0.2470703125
1 0.4140625 0.6708984375 0.0556640625 0.208984375
1 0.7890625 0.47265625 0.0498046875 0.158203125
1 0.3203125 0.6103515625 0.041015625 0.1923828125
1 0.66015625 0.4765625 0.0361328125 0.1591796875
1 0.1328125 0.416015625 0.0341796875 0.123046875
1 0.1923828125 0.330078125 0.0341796875 0.0849609375
1 0.6572265625 0.2607421875 0.0205078125 0.0927734375
1 0.4765625 0.7255859375 0.0615234375 0.15625
1 0.2001953125 0.6630859375 0.046875 0.205078125
0 0.1748046875 0.3671875 0.013671875 0.0234375