1 0.6162109375 0.748046875 0.056640625 0.1904296875
1 0.69140625 0.810546875 0.0498046875 0.197265625
1 0.421875 0.5029296875 0.029296875 0.10546875
1 0.3427734375 0.4228515625 0.029296875 0.0869140625
1 0.5634765625 0.5439453125 0.037109375 0.11328125
1 0.5869140625 0.4140625 0.01953125 0.0810546875
1 0.388671875 0.4609375 0.0244140625 0.087890625
1 0.7373046875 0.4189453125 0.01953125 0.078125
1 0.4912109375 0.8212890625 0.0556640625 0.13671875
1 0.1708984375 0.4970703125 0.0400390625 0.1015625
1 0.4248046875 0.3994140625 0.0244140625 0.0732421875
0 0.55078125 0.5625 0.0126953125 0.0244140625
1 0.169921875 0.4873046875 0.0498046875 0.1044921875