1 0.7705078125 0.4423828125 0.0439453125 0.146484375
1 0.2138671875 0.5849609375 0.0361328125 0.158203125
1 0.142578125 0.3837890625 0.0361328125 0.1142578125
1 0.4619140625 0.43359375 0.02734375 0.1279296875
1 0.6201171875 0.3291015625 0.0283203125 0.095703125
1 0.2041015625 0.3232421875 0.021484375 0.0986328125
1 0.4443359375 0.3232421875 0.0205078125 0.0849609375
1 0.3525390625 0.318359375 0.0166015625 0.0947265625
1 0.4189453125 0.349609375 0.0185546875 0.103515625
1 0.673828125 0.3369140625 0.025390625 0.083984375
0 0.01171875 0.4755859375 0.015625 0.0341796875