1 0.2626953125 0.6923828125 0.0556640625 0.1455078125
1 0.3447265625 0.796875 0.0439453125 0.1845703125
1 0.1474609375 0.892578125 0.0419921875 0.193359375
1 0.6376953125 0.5400390625 0.037109375 0.09765625
1 0.3408203125 0.521484375 0.033203125 0.0859375
1 0.751953125 0.5302734375 0.025390625 0.099609375
1 0.16796875 0.4931640625 0.0244140625 0.076171875
1 0.951171875 0.5029296875 0.0244140625 0.0927734375
1 0.5947265625 0.9130859375 0.0400390625 0.16796875
1 0.5263671875 0.46484375 0.0166015625 0.0771484375
1 0.59375 0.4599609375 0.01953125 0.076171875
0 0.3408203125 0.8544921875 0.013671875 0.0283203125