1 0.3984375 0.890625 0.0556640625 0.2099609375
1 0.203125 0.5498046875 0.0361328125 0.140625
1 0.515625 0.5498046875 0.0341796875 0.125
1 0.8603515625 0.640625 0.0419921875 0.158203125
1 0.3857421875 0.5498046875 0.033203125 0.1328125
1 0.1318359375 0.439453125 0.021484375 0.09765625
1 0.669921875 0.4453125 0.0205078125 0.0986328125
1 0.892578125 0.5751953125 0.025390625 0.126953125
1 0.5234375 0.4453125 0.0185546875 0.0869140625
1 0.447265625 0.3984375 0.021484375 0.07421875
0 0.4560546875 0.4365234375 0.0087890625 0.017578125