1 0.12890625 0.4833984375 0.0439453125 0.1640625
1 0.744140625 0.4169921875 0.033203125 0.13671875
1 0.16796875 0.3828125 0.0361328125 0.1279296875
1 0.2080078125 0.48828125 0.0439453125 0.166015625
1 0.7119140625 0.3759765625 0.0302734375 0.1259765625
1 0.0546875 0.2802734375 0.0302734375 0.115234375
1 0.2421875 0.50390625 0.03515625 0.1513671875
1 0.546875 0.28125 0.0263671875 0.1025390625
1 0.3291015625 0.2880859375 0.0205078125 0.0859375
1 0.435546875 0.7109375 0.052734375 0.15234375
0 0.228515625 0.4931640625 0.0126953125 0.029296875