1 0.26171875 0.3935546875 0.0302734375 0.1015625
1 0.763671875 0.4189453125 0.0244140625 0.111328125
1 0.333984375 0.388671875 0.0205078125 0.11328125
1 0.439453125 0.326171875 0.021484375 0.0908203125
1 0.501953125 0.2998046875 0.017578125 0.0771484375
1 0.4140625 0.2900390625 0.013671875 0.0654296875
1 0.6123046875 0.3134765625 0.017578125 0.0546875
1 0.1787109375 0.3310546875 0.01953125 0.09765625
1 0.9658203125 0.8759765625 0.0654296875 0.2275390625
0 0.595703125 0.328125 0.009765625 0.0166015625
1 0.333984375 0.3232421875 0.021484375 0.060546875