1 0.873046875 0.4833984375 0.0498046875 0.1201171875
1 0.529296875 0.505859375 0.037109375 0.1455078125
1 0.169921875 0.529296875 0.03515625 0.1357421875
1 0.232421875 0.400390625 0.0244140625 0.107421875
1 0.748046875 0.416015625 0.033203125 0.09375
1 0.794921875 0.3515625 0.021484375 0.0712890625
1 0.6708984375 0.412109375 0.029296875 0.1123046875
1 0.89453125 0.3583984375 0.02734375 0.08984375
1 0.517578125 0.7978515625 0.0537109375 0.158203125
0 0.7431640625 0.46875 0.0146484375 0.0234375
1 0.6611328125 0.40234375 0.017578125 0.115234375