1 0.296875 0.529296875 0.05078125 0.1943359375
1 0.2060546875 0.4482421875 0.03515625 0.16796875
1 0.3955078125 0.5712890625 0.033203125 0.189453125
1 0.390625 0.2568359375 0.0302734375 0.103515625
1 0.642578125 0.3359375 0.03125 0.125
1 0.4521484375 0.3115234375 0.0322265625 0.1123046875
1 0.537109375 0.32421875 0.02734375 0.1123046875
1 0.7119140625 0.28125 0.021484375 0.1103515625
1 0.2822265625 0.2421875 0.01953125 0.0908203125
1 0.6767578125 0.267578125 0.0244140625 0.0986328125
1 0.3291015625 0.2412109375 0.0205078125 0.099609375
1 0.9794921875 0.25390625 0.0400390625 0.1005859375
0 0.916015625 0.2939453125 0.0146484375 0.0224609375