1 0.607421875 0.818359375 0.044921875 0.193359375
1 0.5400390625 0.8310546875 0.0400390625 0.2177734375
1 0.8828125 0.59765625 0.0400390625 0.1455078125
1 0.7548828125 0.46875 0.0361328125 0.1015625
1 0.205078125 0.4853515625 0.0302734375 0.09375
1 0.3876953125 0.50390625 0.03125 0.1025390625
1 0.8056640625 0.4375 0.0185546875 0.0830078125
1 0.8369140625 0.826171875 0.0361328125 0.173828125
1 0.3408203125 0.41796875 0.025390625 0.0693359375
1 0.5234375 0.4208984375 0.01953125 0.080078125
1 0.45703125 0.8583984375 0.0458984375 0.12890625
1 0.3896484375 0.4501953125 0.0341796875 0.08984375
1 0.50390625 0.435546875 0.0263671875 0.0634765625
0 0.5009765625 0.453125 0.009765625 0.0166015625