1 0.365234375 0.4912109375 0.0517578125 0.162109375
1 0.66796875 0.498046875 0.0546875 0.146484375
1 0.5048828125 0.35546875 0.041015625 0.11328125
1 0.4833984375 0.787109375 0.0556640625 0.1728515625
1 0.6025390625 0.4111328125 0.0439453125 0.12890625
1 0.091796875 0.51171875 0.0302734375 0.158203125
1 0.1396484375 0.37109375 0.029296875 0.123046875
1 0.71484375 0.3173828125 0.0361328125 0.0927734375
1 0.8681640625 0.3271484375 0.0322265625 0.1025390625
1 0.658203125 0.3486328125 0.0439453125 0.1005859375
1 0.09375 0.8515625 0.0869140625 0.1748046875
0 0.607421875 0.455078125 0.0107421875 0.0234375