1 0.4912109375 0.8935546875 0.044921875 0.2021484375
1 0.4169921875 0.927734375 0.0419921875 0.1337890625
1 0.41796875 0.615234375 0.0390625 0.1376953125
1 0.6474609375 0.677734375 0.0341796875 0.17578125
1 0.6806640625 0.515625 0.04296875 0.1044921875
1 0.869140625 0.4404296875 0.0224609375 0.087890625
1 0.6923828125 0.7392578125 0.0341796875 0.1884765625
1 0.6064453125 0.5029296875 0.0380859375 0.0908203125
1 0.5263671875 0.447265625 0.0283203125 0.09375
1 0.4228515625 0.48046875 0.03125 0.0986328125
1 0.642578125 0.453125 0.0244140625 0.0830078125
1 0.6181640625 0.4599609375 0.0322265625 0.09375