1 0.5048828125 0.783203125 0.044921875 0.2138671875
1 0.2861328125 0.5419921875 0.041015625 0.111328125
1 0.1376953125 0.5234375 0.0322265625 0.1123046875
1 0.5478515625 0.548828125 0.03125 0.1162109375
1 0.728515625 0.5537109375 0.03515625 0.1318359375
1 0.4384765625 0.466796875 0.0263671875 0.0859375
1 0.654296875 0.447265625 0.01953125 0.087890625
1 0.3779296875 0.87890625 0.0390625 0.208984375
1 0.439453125 0.84375 0.048828125 0.134765625
1 0.4794921875 0.4267578125 0.0185546875 0.0693359375
0 0.7109375 0.591796875 0.0107421875 0.021484375