1 0.1708984375 0.8916015625 0.0634765625 0.2158203125
1 0.4052734375 0.9375 0.052734375 0.125
1 0.5068359375 0.640625 0.0400390625 0.1376953125
1 0.1669921875 0.5380859375 0.0302734375 0.0966796875
1 0.7470703125 0.5029296875 0.025390625 0.0908203125
1 0.822265625 0.4521484375 0.0205078125 0.091796875
1 0.3056640625 0.4736328125 0.01953125 0.078125
1 0.6708984375 0.4755859375 0.0205078125 0.0986328125
1 0.201171875 0.45703125 0.0205078125 0.078125
1 0.443359375 0.447265625 0.02734375 0.08203125
1 0.587890625 0.423828125 0.01953125 0.0771484375
0 0.4326171875 0.484375 0.0126953125 0.015625