1 0.869140625 0.412109375 0.0400390625 0.1201171875
1 0.765625 0.46875 0.044921875 0.1474609375
1 0.6826171875 0.4150390625 0.0361328125 0.125
1 0.564453125 0.4306640625 0.03515625 0.1201171875
1 0.1875 0.5947265625 0.046875 0.177734375
1 0.220703125 0.4189453125 0.03125 0.1376953125
1 0.904296875 0.4658203125 0.03125 0.1474609375
1 0.4912109375 0.7392578125 0.06640625 0.140625
1 0.548828125 0.3076171875 0.02734375 0.0849609375
1 0.3935546875 0.3330078125 0.0224609375 0.0947265625
0 0.658203125 0.419921875 0.0107421875 0.0205078125
1 0.2275390625 0.31640625 0.01953125 0.10546875