1 0.1923828125 0.4150390625 0.046875 0.17578125
1 0.32421875 0.2861328125 0.041015625 0.1259765625
1 0.5068359375 0.3388671875 0.03515625 0.1357421875
1 0.6904296875 0.291015625 0.0322265625 0.109375
1 0.15234375 0.2666015625 0.03125 0.1123046875
1 0.4111328125 0.2216796875 0.029296875 0.091796875
1 0.8203125 0.2294921875 0.0263671875 0.107421875
1 0.6376953125 0.26953125 0.0302734375 0.1025390625
1 0.4375 0.6953125 0.0576171875 0.1728515625
0 0.458984375 0.23046875 0.01171875 0.0205078125
1 0.6455078125 0.255859375 0.033203125 0.1171875