1 0.263671875 0.41796875 0.0322265625 0.1083984375
1 0.7998046875 0.4443359375 0.025390625 0.1181640625
1 0.33984375 0.4130859375 0.021484375 0.1201171875
1 0.453125 0.345703125 0.0224609375 0.0966796875
1 0.51953125 0.3173828125 0.0185546875 0.08203125
1 0.4267578125 0.3076171875 0.0146484375 0.0703125
1 0.6376953125 0.33203125 0.0185546875 0.05859375
1 0.1748046875 0.3515625 0.021484375 0.103515625
1 0.990234375 0.9052734375 0.01953125 0.1884765625
0 0.6201171875 0.34765625 0.0107421875 0.017578125
1 0.3408203125 0.3427734375 0.0234375 0.0654296875