1 0.2275390625 0.685546875 0.05859375 0.154296875
1 0.314453125 0.7958984375 0.046875 0.1953125
1 0.1064453125 0.8974609375 0.0439453125 0.2041015625
1 0.6259765625 0.5244140625 0.0390625 0.103515625
1 0.310546875 0.5048828125 0.03515625 0.091796875
1 0.74609375 0.513671875 0.0263671875 0.1064453125
1 0.1279296875 0.474609375 0.025390625 0.080078125
1 0.958984375 0.484375 0.025390625 0.0986328125
1 0.5791015625 0.9150390625 0.0419921875 0.1689453125
1 0.5068359375 0.4443359375 0.017578125 0.0810546875
1 0.5791015625 0.439453125 0.0205078125 0.080078125
0 0.310546875 0.857421875 0.0146484375 0.029296875