1 0.19140625 0.865234375 0.083984375 0.26953125
1 0.1171875 0.6875 0.0517578125 0.228515625
1 0.3388671875 0.48828125 0.044921875 0.14453125
1 0.390625 0.5419921875 0.0546875 0.1650390625
1 0.6474609375 0.6435546875 0.0498046875 0.181640625
1 0.3828125 0.306640625 0.0234375 0.0859375
1 0.8212890625 0.359375 0.0263671875 0.099609375
1 0.6064453125 0.70703125 0.0390625 0.185546875
1 0.90234375 0.474609375 0.02734375 0.1123046875
1 0.0087890625 0.3251953125 0.017578125 0.123046875
0 0.939453125 0.45703125 0.0107421875 0.01953125