1 0.7587890625 0.8095703125 0.0341796875 0.169921875
1 0.11328125 0.5771484375 0.0439453125 0.1298828125
1 0.26171875 0.5166015625 0.03515625 0.1005859375
1 0.0703125 0.5341796875 0.033203125 0.095703125
1 0.7607421875 0.5576171875 0.0400390625 0.1376953125
1 0.5263671875 0.51171875 0.02734375 0.08984375
1 0.705078125 0.5546875 0.02734375 0.08984375
1 0.7666015625 0.5 0.04296875 0.078125
1 0.560546875 0.912109375 0.044921875 0.138671875
1 0.77734375 0.9072265625 0.0498046875 0.123046875
1 0.740234375 0.9208984375 0.046875 0.1103515625
1 0.6962890625 0.958984375 0.060546875 0.08203125