1 0.525390625 0.6962890625 0.0537109375 0.2138671875
1 0.248046875 0.5458984375 0.0458984375 0.162109375
1 0.5986328125 0.470703125 0.0380859375 0.1142578125
1 0.7724609375 0.3876953125 0.0322265625 0.1171875
1 0.6513671875 0.33203125 0.025390625 0.1015625
1 0.43359375 0.4248046875 0.0361328125 0.119140625
1 0.80078125 0.30078125 0.0205078125 0.095703125
1 0.5927734375 0.283203125 0.0185546875 0.0859375
1 0.486328125 0.59765625 0.0458984375 0.1904296875
0 0.5107421875 0.66796875 0.0126953125 0.033203125
1 0.419921875 0.345703125 0.0263671875 0.09765625