1 0.4326171875 0.3583984375 0.0263671875 0.1142578125
1 0.560546875 0.3857421875 0.03125 0.11328125
1 0.7431640625 0.404296875 0.0390625 0.134765625
1 0.4814453125 0.3154296875 0.0322265625 0.0791015625
1 0.1728515625 0.4033203125 0.0302734375 0.1240234375
1 0.1240234375 0.615234375 0.0400390625 0.1552734375
1 0.361328125 0.337890625 0.01953125 0.0830078125
1 0.181640625 0.6484375 0.05078125 0.1259765625
1 0.2041015625 0.3125 0.0185546875 0.0830078125
0 0.4599609375 0.32421875 0.009765625 0.0205078125
1 0.4873046875 0.291015625 0.0205078125 0.068359375