1 0.3203125 0.5478515625 0.046875 0.2001953125
1 0.2138671875 0.4658203125 0.03515625 0.1689453125
1 0.4384765625 0.59765625 0.046875 0.2060546875
1 0.8525390625 0.294921875 0.0390625 0.1162109375
1 0.1328125 0.3271484375 0.0283203125 0.1181640625
1 0.1787109375 0.564453125 0.0576171875 0.1923828125
1 0.2314453125 0.2783203125 0.03125 0.091796875
1 0.6318359375 0.224609375 0.0185546875 0.0771484375
1 0.9072265625 0.7490234375 0.0517578125 0.2041015625
1 0.3466796875 0.2900390625 0.0244140625 0.1103515625
1 0.314453125 0.275390625 0.0185546875 0.0947265625
0 0.1630859375 0.28515625 0.0126953125 0.0263671875
1 0.2138671875 0.27734375 0.0146484375 0.0908203125
1 0.228515625 0.2373046875 0.017578125 0.0390625