1 0.1162109375 0.8916015625 0.044921875 0.1943359375
1 0.3701171875 0.623046875 0.03515625 0.12890625
1 0.5673828125 0.5556640625 0.02734375 0.0986328125
1 0.2451171875 0.6005859375 0.021484375 0.1201171875
1 0.984375 0.591796875 0.0283203125 0.138671875
1 0.189453125 0.5498046875 0.025390625 0.1025390625
1 0.419921875 0.4931640625 0.0185546875 0.078125
1 0.35546875 0.51953125 0.0205078125 0.0859375
1 0.4638671875 0.4853515625 0.0166015625 0.0771484375
1 0.1962890625 0.5068359375 0.029296875 0.078125
0 0.2919921875 0.5029296875 0.0126953125 0.017578125