1 0.30078125 0.6416015625 0.0556640625 0.197265625
1 0.552734375 0.353515625 0.044921875 0.11328125
1 0.12890625 0.525390625 0.0322265625 0.1650390625
1 0.53515625 0.5380859375 0.041015625 0.1806640625
1 0.1875 0.4990234375 0.029296875 0.16796875
1 0.365234375 0.3603515625 0.0224609375 0.1123046875
1 0.3359375 0.830078125 0.04296875 0.2109375
1 0.890625 0.3505859375 0.0302734375 0.0810546875
1 0.517578125 0.3134765625 0.02734375 0.0859375
1 0.61328125 0.7861328125 0.0400390625 0.21484375
1 0.7763671875 0.7236328125 0.0517578125 0.216796875
0 0.5771484375 0.4736328125 0.0146484375 0.0263671875
1 0.5703125 0.5732421875 0.046875 0.1748046875