1 0.7685546875 0.482421875 0.041015625 0.13671875
1 0.248046875 0.615234375 0.033203125 0.1474609375
1 0.181640625 0.427734375 0.033203125 0.1064453125
1 0.4794921875 0.474609375 0.025390625 0.1201171875
1 0.6279296875 0.3759765625 0.0263671875 0.0888671875
1 0.2392578125 0.37109375 0.0205078125 0.091796875
1 0.462890625 0.37109375 0.01953125 0.0791015625
1 0.3779296875 0.3662109375 0.015625 0.0888671875
1 0.439453125 0.3955078125 0.017578125 0.0966796875
1 0.677734375 0.3837890625 0.0234375 0.078125
0 0.0595703125 0.5126953125 0.0146484375 0.03125