1 0.896484375 0.4541015625 0.0458984375 0.1669921875
1 0.3671875 0.59375 0.0380859375 0.197265625
1 0.5595703125 0.4345703125 0.029296875 0.1416015625
1 0.666015625 0.3125 0.033203125 0.09765625
1 0.248046875 0.3232421875 0.0380859375 0.078125
1 0.58203125 0.2822265625 0.0166015625 0.0966796875
1 0.4072265625 0.3408203125 0.0234375 0.1201171875
0 0.26171875 0.341796875 0.0146484375 0.0263671875
1 0.0615234375 0.435546875 0.03515625 0.1728515625
1 0.55078125 0.3583984375 0.0263671875 0.12109375
1 0.5654296875 0.3271484375 0.01953125 0.083984375