1 0.1513671875 0.724609375 0.0556640625 0.2158203125
1 0.349609375 0.8603515625 0.060546875 0.1552734375
1 0.6181640625 0.4970703125 0.037109375 0.1279296875
1 0.296875 0.87109375 0.052734375 0.2568359375
1 0.138671875 0.5400390625 0.029296875 0.134765625
1 0.0048828125 0.4287109375 0.009765625 0.1005859375
1 0.748046875 0.529296875 0.037109375 0.0947265625
1 0.8037109375 0.4833984375 0.0263671875 0.1123046875
1 0.4130859375 0.474609375 0.0283203125 0.12109375
1 0.6953125 0.4375 0.0224609375 0.0908203125
1 0.265625 0.4267578125 0.0224609375 0.0966796875
1 0.5029296875 0.46484375 0.0224609375 0.107421875
0 0.5185546875 0.513671875 0.0126953125 0.0244140625