1 0.3037109375 0.6015625 0.046875 0.220703125
1 0.1953125 0.5654296875 0.0439453125 0.208984375
1 0.2099609375 0.248046875 0.0400390625 0.1005859375
1 0.3369140625 0.2822265625 0.0263671875 0.119140625
1 0.935546875 0.326171875 0.046875 0.1181640625
1 0.755859375 0.255859375 0.03125 0.09375
1 0.2568359375 0.27734375 0.02734375 0.11328125
1 0.091796875 0.564453125 0.0400390625 0.1572265625
1 0.5419921875 0.26171875 0.03125 0.1357421875
1 0.5888671875 0.2099609375 0.015625 0.076171875
1 0.8994140625 0.369140625 0.0302734375 0.14453125
0 0.65625 0.263671875 0.015625 0.0263671875