1 0.66796875 0.60546875 0.0546875 0.1806640625
1 0.951171875 0.353515625 0.05078125 0.1298828125
1 0.607421875 0.4287109375 0.0322265625 0.15234375
1 0.326171875 0.3564453125 0.025390625 0.126953125
1 0.3662109375 0.2919921875 0.033203125 0.09375
1 0.1357421875 0.6708984375 0.0595703125 0.162109375
1 0.2734375 0.5322265625 0.048828125 0.185546875
1 0.2744140625 0.380859375 0.029296875 0.1318359375
1 0.2880859375 0.4716796875 0.033203125 0.1572265625
1 0.3515625 0.2685546875 0.0185546875 0.08984375
0 0.8974609375 0.4365234375 0.015625 0.0234375