1 0.2939453125 0.6142578125 0.0458984375 0.21484375
1 0.1884765625 0.5791015625 0.0419921875 0.203125
1 0.203125 0.26953125 0.0390625 0.09765625
1 0.326171875 0.302734375 0.025390625 0.1162109375
1 0.9091796875 0.345703125 0.0458984375 0.115234375
1 0.734375 0.27734375 0.0302734375 0.091796875
1 0.2490234375 0.2978515625 0.0263671875 0.1103515625
1 0.087890625 0.578125 0.0390625 0.1533203125
1 0.5263671875 0.283203125 0.0302734375 0.1318359375
1 0.5712890625 0.2333984375 0.015625 0.07421875
1 0.8740234375 0.3876953125 0.029296875 0.140625
0 0.63671875 0.28515625 0.0146484375 0.025390625