1 0.9052734375 0.5791015625 0.0615234375 0.1787109375
1 0.7255859375 0.8271484375 0.072265625 0.154296875
1 0.5126953125 0.4814453125 0.048828125 0.1171875
1 0.9228515625 0.375 0.03125 0.0947265625
1 0.765625 0.4443359375 0.0234375 0.115234375
1 0.3212890625 0.4287109375 0.025390625 0.1181640625
1 0.224609375 0.36328125 0.029296875 0.0927734375
1 0.7998046875 0.4560546875 0.0234375 0.1328125
1 0.3681640625 0.8095703125 0.0537109375 0.134765625
0 0.2021484375 0.4228515625 0.0087890625 0.017578125
1 0.8173828125 0.375 0.02734375 0.0986328125