1 0.533203125 0.71875 0.0546875 0.177734375
1 0.646484375 0.798828125 0.0498046875 0.19921875
1 0.9208984375 0.5771484375 0.0546875 0.1396484375
1 0.7294921875 0.8369140625 0.0419921875 0.2392578125
1 0.6923828125 0.4609375 0.0234375 0.1005859375
1 0.33203125 0.4326171875 0.0244140625 0.1015625
1 0.4521484375 0.4345703125 0.0283203125 0.0830078125
1 0.1708984375 0.4892578125 0.0244140625 0.111328125
1 0.3994140625 0.4091796875 0.0205078125 0.0771484375
0 0.193359375 0.5107421875 0.01171875 0.0224609375
1 0.5419921875 0.4248046875 0.015625 0.09765625
1 0.5576171875 0.396484375 0.0263671875 0.08203125
1 0.53515625 0.4052734375 0.017578125 0.0830078125