1 0.5703125 0.57421875 0.052734375 0.1650390625
1 0.26171875 0.5810546875 0.0556640625 0.1494140625
1 0.4287109375 0.435546875 0.041015625 0.1162109375
1 0.4501953125 0.875 0.056640625 0.17578125
1 0.328125 0.4931640625 0.044921875 0.130859375
1 0.8486328125 0.5947265625 0.0302734375 0.1611328125
1 0.80078125 0.4521484375 0.0302734375 0.125
1 0.21484375 0.396484375 0.037109375 0.0947265625
1 0.0576171875 0.4072265625 0.033203125 0.1044921875
1 0.2724609375 0.4296875 0.0439453125 0.1025390625
1 0.8466796875 0.92578125 0.087890625 0.1484375
0 0.3232421875 0.537109375 0.0107421875 0.0244140625