1 0.12890625 0.4970703125 0.044921875 0.1689453125
1 0.7646484375 0.427734375 0.0341796875 0.1416015625
1 0.1689453125 0.3916015625 0.0380859375 0.1318359375
1 0.2099609375 0.5009765625 0.044921875 0.1708984375
1 0.73046875 0.3857421875 0.03125 0.1298828125
1 0.052734375 0.287109375 0.03125 0.1181640625
1 0.24609375 0.517578125 0.0361328125 0.15625
1 0.560546875 0.287109375 0.02734375 0.1064453125
1 0.3359375 0.294921875 0.0205078125 0.0888671875
1 0.4453125 0.73046875 0.0546875 0.158203125
0 0.232421875 0.505859375 0.013671875 0.0302734375