1 0.1298828125 0.4814453125 0.0498046875 0.119140625
1 0.4716796875 0.5029296875 0.037109375 0.14453125
1 0.830078125 0.5263671875 0.03515625 0.134765625
1 0.767578125 0.3974609375 0.0244140625 0.1064453125
1 0.2548828125 0.4130859375 0.033203125 0.09375
1 0.2080078125 0.349609375 0.021484375 0.0712890625
1 0.3310546875 0.41015625 0.029296875 0.1123046875
1 0.109375 0.3564453125 0.02734375 0.08984375
1 0.484375 0.7939453125 0.052734375 0.1572265625
0 0.259765625 0.4658203125 0.0146484375 0.0234375
1 0.3408203125 0.400390625 0.017578125 0.1142578125