1 0.130859375 0.685546875 0.0380859375 0.15625
1 0.4619140625 0.935546875 0.0537109375 0.1181640625
1 0.91796875 0.482421875 0.0205078125 0.0927734375
1 0.6943359375 0.490234375 0.0244140625 0.0859375
1 0.6533203125 0.509765625 0.01953125 0.0888671875
1 0.5859375 0.46875 0.017578125 0.0810546875
1 0.544921875 0.4287109375 0.0166015625 0.0693359375
1 0.4560546875 0.498046875 0.025390625 0.083984375
1 0.8544921875 0.8916015625 0.064453125 0.1943359375
1 0.46875 0.5224609375 0.03125 0.0888671875
0 0.494140625 0.5458984375 0.013671875 0.0224609375
1 0.7158203125 0.4931640625 0.0283203125 0.095703125