1 0.9560546875 0.65234375 0.048828125 0.154296875
1 0.1025390625 0.900390625 0.041015625 0.19921875
1 0.5576171875 0.7099609375 0.03515625 0.1513671875
1 0.0830078125 0.615234375 0.04296875 0.1083984375
1 0.5546875 0.5234375 0.025390625 0.0908203125
1 0.177734375 0.57421875 0.0302734375 0.1064453125
1 0.357421875 0.5068359375 0.01953125 0.0859375
1 0.3408203125 0.5751953125 0.025390625 0.130859375
1 0.1865234375 0.5390625 0.0283203125 0.099609375
0 0.1005859375 0.626953125 0.017578125 0.0361328125
1 0.3427734375 0.6240234375 0.0302734375 0.1337890625