1 0.3720703125 0.7119140625 0.046875 0.2001953125
1 0.4482421875 0.6142578125 0.0439453125 0.15625
1 0.724609375 0.75390625 0.0517578125 0.1806640625
1 0.6162109375 0.7666015625 0.052734375 0.2392578125
1 0.7841796875 0.80078125 0.0703125 0.2080078125
1 0.16015625 0.5595703125 0.03515625 0.150390625
1 0.5693359375 0.63671875 0.0341796875 0.1650390625
1 0.119140625 0.5771484375 0.0341796875 0.140625
1 0.859375 0.4150390625 0.02734375 0.07421875
1 0.3603515625 0.408203125 0.01953125 0.095703125
1 0.5146484375 0.4052734375 0.0244140625 0.09765625
1 0.5419921875 0.365234375 0.01953125 0.080078125
1 0.4384765625 0.8271484375 0.0478515625 0.205078125
0 0.552734375 0.6923828125 0.0146484375 0.0302734375