1 0.875 0.779296875 0.0537109375 0.236328125
1 0.412109375 0.515625 0.0380859375 0.1142578125
1 0.849609375 0.58984375 0.0380859375 0.1376953125
1 0.2939453125 0.482421875 0.029296875 0.10546875
1 0.9677734375 0.4697265625 0.0419921875 0.119140625
1 0.025390625 0.474609375 0.03125 0.1064453125
1 0.5361328125 0.4140625 0.03125 0.080078125
1 0.220703125 0.4306640625 0.0224609375 0.08203125
1 0.68359375 0.453125 0.017578125 0.0869140625
1 0.791015625 0.421875 0.0166015625 0.083984375
1 0.75390625 0.8212890625 0.048828125 0.1220703125