1 0.1611328125 0.83984375 0.05859375 0.2216796875
1 0.6669921875 0.5869140625 0.02734375 0.134765625
1 0.8759765625 0.498046875 0.025390625 0.0986328125
1 0.0361328125 0.4775390625 0.02734375 0.0908203125
1 0.5078125 0.5712890625 0.0302734375 0.1171875
1 0.3212890625 0.4912109375 0.0322265625 0.1103515625
1 0.4736328125 0.4189453125 0.0205078125 0.072265625
1 0.287109375 0.8671875 0.0537109375 0.2109375
0 0.3388671875 0.5380859375 0.0078125 0.017578125
1 0.32421875 0.478515625 0.0380859375 0.0947265625
1 0.5283203125 0.5068359375 0.0302734375 0.109375