1 0.3369140625 0.3671875 0.037109375 0.1123046875
1 0.28125 0.369140625 0.0302734375 0.1162109375
1 0.8115234375 0.4072265625 0.0322265625 0.126953125
1 0.84765625 0.34375 0.0244140625 0.109375
1 0.58203125 0.33984375 0.029296875 0.119140625
1 0.048828125 0.3193359375 0.02734375 0.0986328125
1 0.3798828125 0.306640625 0.021484375 0.0751953125
1 0.6982421875 0.794921875 0.0595703125 0.154296875
1 0.546875 0.28125 0.021484375 0.0869140625
0 0.5361328125 0.318359375 0.0107421875 0.017578125
1 0.576171875 0.296875 0.037109375 0.078125