1 0.4892578125 0.8828125 0.0517578125 0.23046875
1 0.52734375 0.568359375 0.0341796875 0.154296875
1 0.3916015625 0.4755859375 0.0234375 0.0830078125
1 0.2939453125 0.515625 0.021484375 0.1015625
1 0.609375 0.5048828125 0.033203125 0.0712890625
1 0.4658203125 0.52734375 0.0263671875 0.0966796875
1 0.4130859375 0.5107421875 0.021484375 0.107421875
1 0.3095703125 0.8251953125 0.04296875 0.17578125
0 0.482421875 0.5888671875 0.0107421875 0.0185546875
1 0.5244140625 0.53515625 0.0185546875 0.076171875
1 0.51953125 0.5 0.0283203125 0.09375
1 0.4423828125 0.55859375 0.0390625 0.12109375