1 0.9052734375 0.6328125 0.044921875 0.142578125
1 0.1142578125 0.8759765625 0.0390625 0.208984375
1 0.5361328125 0.685546875 0.0322265625 0.1396484375
1 0.095703125 0.5986328125 0.0400390625 0.099609375
1 0.533203125 0.513671875 0.0234375 0.083984375
1 0.18359375 0.560546875 0.0283203125 0.0986328125
1 0.3505859375 0.498046875 0.017578125 0.080078125
1 0.3349609375 0.5615234375 0.0234375 0.12109375
1 0.19140625 0.5283203125 0.025390625 0.091796875
0 0.111328125 0.609375 0.0166015625 0.033203125
1 0.3369140625 0.6064453125 0.0283203125 0.1240234375