1 0.2666015625 0.58984375 0.0537109375 0.1748046875
1 0.822265625 0.505859375 0.083984375 0.162109375
1 0.7568359375 0.3779296875 0.0380859375 0.1279296875
1 0.7275390625 0.447265625 0.033203125 0.1357421875
1 0.96484375 0.67578125 0.06640625 0.140625
1 0.6787109375 0.3623046875 0.0341796875 0.11328125
1 0.3837890625 0.4111328125 0.0263671875 0.1337890625
1 0.0751953125 0.3662109375 0.04296875 0.1181640625
1 0.71875 0.27734375 0.0263671875 0.0966796875
0 0.09765625 0.419921875 0.013671875 0.0234375
1 0.9765625 0.3310546875 0.033203125 0.1064453125
1 0.6474609375 0.7099609375 0.0693359375 0.1279296875
1 0.6923828125 0.3056640625 0.0224609375 0.0927734375