1 0.03125 0.6318359375 0.0458984375 0.1533203125
1 0.904296875 0.8896484375 0.0419921875 0.2197265625
1 0.6962890625 0.6640625 0.04296875 0.1533203125
1 0.8720703125 0.568359375 0.0322265625 0.1123046875
1 0.548828125 0.568359375 0.0263671875 0.115234375
1 0.7587890625 0.4990234375 0.025390625 0.078125
1 0.9306640625 0.580078125 0.0380859375 0.09375
1 0.7353515625 0.5595703125 0.01953125 0.1044921875
1 0.6162109375 0.935546875 0.0458984375 0.12890625
1 0.8974609375 0.5498046875 0.02734375 0.09765625
0 0.7734375 0.4951171875 0.009765625 0.02734375
1 0.7099609375 0.6416015625 0.0302734375 0.142578125