1 0.2099609375 0.810546875 0.0693359375 0.2080078125
1 0.42578125 0.8056640625 0.04296875 0.2294921875
1 0.611328125 0.6416015625 0.0361328125 0.142578125
1 0.314453125 0.4716796875 0.0302734375 0.11328125
1 0.6884765625 0.66796875 0.029296875 0.1748046875
1 0.2529296875 0.451171875 0.0283203125 0.083984375
1 0.625 0.4580078125 0.0322265625 0.1181640625
1 0.3720703125 0.3779296875 0.0166015625 0.080078125
1 0.47265625 0.3916015625 0.0185546875 0.0908203125
1 0.65625 0.373046875 0.0185546875 0.0625
1 0.59765625 0.37109375 0.0126953125 0.0703125
1 0.3876953125 0.810546875 0.0556640625 0.1416015625
1 0.6318359375 0.4326171875 0.025390625 0.1064453125