1 0.7001953125 0.55859375 0.0556640625 0.1650390625
1 0.763671875 0.5869140625 0.0556640625 0.177734375
1 0.51171875 0.43359375 0.025390625 0.1259765625
1 0.208984375 0.345703125 0.0263671875 0.08984375
1 0.17578125 0.5146484375 0.0322265625 0.130859375
1 0.12890625 0.40625 0.021484375 0.1064453125
1 0.69140625 0.333984375 0.0205078125 0.095703125
1 0.4677734375 0.8173828125 0.0576171875 0.16796875
0 0.92578125 0.6201171875 0.0146484375 0.0224609375
1 0.958984375 0.59765625 0.0703125 0.1240234375
1 0.158203125 0.4580078125 0.033203125 0.1396484375