1 0.060546875 0.904296875 0.08203125 0.19140625
1 0.587890625 0.68359375 0.052734375 0.1611328125
1 0.3876953125 0.857421875 0.0478515625 0.255859375
1 0.6494140625 0.455078125 0.0283203125 0.1123046875
1 0.201171875 0.4736328125 0.033203125 0.091796875
1 0.677734375 0.7001953125 0.03515625 0.17578125
1 0.5732421875 0.455078125 0.025390625 0.1181640625
1 0.328125 0.4833984375 0.0283203125 0.123046875
1 0.4765625 0.4033203125 0.0205078125 0.095703125
1 0.3681640625 0.38671875 0.0205078125 0.0849609375
1 0.59375 0.3916015625 0.01953125 0.0791015625