1 0.6328125 0.6484375 0.0380859375 0.1572265625
1 0.40234375 0.697265625 0.0341796875 0.162109375
1 0.73046875 0.52734375 0.0302734375 0.1337890625
1 0.4443359375 0.8154296875 0.04296875 0.2265625
1 0.7099609375 0.677734375 0.03515625 0.169921875
1 0.1689453125 0.5107421875 0.0302734375 0.126953125
1 0.39453125 0.4306640625 0.0263671875 0.10546875
1 0.2705078125 0.458984375 0.029296875 0.091796875
1 0.5419921875 0.4267578125 0.021484375 0.0986328125
1 0.6474609375 0.38671875 0.017578125 0.078125
1 0.5478515625 0.3779296875 0.017578125 0.0703125