1 0.8515625 0.3603515625 0.0361328125 0.111328125
1 0.3037109375 0.3388671875 0.03515625 0.1025390625
1 0.2294921875 0.3681640625 0.0576171875 0.107421875
1 0.412109375 0.328125 0.029296875 0.0888671875
1 0.6318359375 0.2900390625 0.03125 0.09375
1 0.3720703125 0.2939453125 0.041015625 0.0810546875
1 0.89453125 0.7255859375 0.06640625 0.1162109375
1 0.79296875 0.3505859375 0.037109375 0.107421875
1 0.689453125 0.7431640625 0.0693359375 0.1455078125
0 0.3955078125 0.3623046875 0.0107421875 0.0185546875
1 0.353515625 0.279296875 0.021484375 0.076171875