1 0.13671875 0.685546875 0.0556640625 0.1845703125
1 0.7578125 0.79296875 0.056640625 0.21484375
1 0.5791015625 0.875 0.0595703125 0.25
1 0.6298828125 0.7705078125 0.048828125 0.23046875
1 0.68359375 0.59765625 0.0361328125 0.1572265625
1 0.2802734375 0.904296875 0.0517578125 0.19140625
1 0.4248046875 0.529296875 0.0361328125 0.1416015625
1 0.3330078125 0.4560546875 0.0361328125 0.1123046875
1 0.87109375 0.4150390625 0.0283203125 0.10546875
1 0.28125 0.5302734375 0.0322265625 0.13671875
1 0.2236328125 0.55859375 0.0322265625 0.1435546875
1 0.0625 0.9501953125 0.0615234375 0.099609375
1 0.5205078125 0.4736328125 0.033203125 0.1337890625
0 0.2744140625 0.595703125 0.0146484375 0.0224609375
1 0.51953125 0.466796875 0.041015625 0.12890625