1 0.6298828125 0.8662109375 0.0537109375 0.169921875
1 0.3125 0.70703125 0.03125 0.173828125
1 0.267578125 0.630859375 0.037109375 0.1416015625
1 0.7607421875 0.517578125 0.021484375 0.1162109375
1 0.880859375 0.453125 0.0244140625 0.0927734375
1 0.4580078125 0.4912109375 0.0244140625 0.103515625
1 0.5068359375 0.4892578125 0.017578125 0.1015625
1 0.5546875 0.453125 0.017578125 0.0830078125
1 0.607421875 0.412109375 0.015625 0.07421875
0 0.8447265625 0.5380859375 0.0107421875 0.01953125
1 0.8671875 0.5205078125 0.0322265625 0.1142578125