1 0.6513671875 0.3583984375 0.03515625 0.1083984375
1 0.705078125 0.3603515625 0.029296875 0.1123046875
1 0.1943359375 0.3984375 0.0302734375 0.1220703125
1 0.1591796875 0.3369140625 0.0234375 0.10546875
1 0.416015625 0.33203125 0.0283203125 0.115234375
1 0.9287109375 0.3134765625 0.0263671875 0.095703125
1 0.6103515625 0.30078125 0.0205078125 0.072265625
1 0.3037109375 0.771484375 0.0576171875 0.1484375
1 0.44921875 0.2763671875 0.0205078125 0.0830078125
0 0.458984375 0.3115234375 0.0107421875 0.0166015625
1 0.4208984375 0.2919921875 0.03515625 0.0751953125