1 0.513671875 0.505859375 0.0244140625 0.10546875
1 0.794921875 0.5537109375 0.029296875 0.1328125
1 0.5986328125 0.54296875 0.0458984375 0.1337890625
1 0.1435546875 0.7958984375 0.05859375 0.1943359375
1 0.33203125 0.515625 0.0400390625 0.119140625
1 0.404296875 0.4853515625 0.0224609375 0.09765625
1 0.197265625 0.4541015625 0.021484375 0.0771484375
1 0.3251953125 0.404296875 0.0185546875 0.0673828125
1 0.357421875 0.4990234375 0.0380859375 0.11328125
1 0.3291015625 0.490234375 0.046875 0.072265625
0 0.3544921875 0.53515625 0.013671875 0.0263671875