1 0.361328125 0.6123046875 0.0400390625 0.1337890625
1 0.1298828125 0.677734375 0.0341796875 0.142578125
1 0.8505859375 0.58203125 0.0576171875 0.150390625
1 0.2060546875 0.5859375 0.0263671875 0.1162109375
1 0.501953125 0.5341796875 0.0224609375 0.1064453125
1 0.8095703125 0.466796875 0.0224609375 0.0908203125
1 0.234375 0.5107421875 0.0244140625 0.09765625
1 0.5068359375 0.4453125 0.0185546875 0.0771484375
1 0.8896484375 0.7998046875 0.0439453125 0.1494140625
1 0.8544921875 0.537109375 0.033203125 0.1181640625
0 0.8271484375 0.6416015625 0.0166015625 0.0380859375