1 0.5234375 0.8447265625 0.046875 0.2119140625
1 0.48828125 0.5546875 0.03125 0.142578125
1 0.6142578125 0.4697265625 0.021484375 0.076171875
1 0.7041015625 0.5068359375 0.01953125 0.09375
1 0.4130859375 0.4970703125 0.0302734375 0.06640625
1 0.544921875 0.517578125 0.0244140625 0.0888671875
1 0.59375 0.501953125 0.01953125 0.099609375
1 0.689453125 0.7919921875 0.0390625 0.1611328125
0 0.5302734375 0.57421875 0.009765625 0.017578125
1 0.4912109375 0.5244140625 0.017578125 0.0703125
1 0.49609375 0.4921875 0.0263671875 0.0859375
1 0.56640625 0.5458984375 0.0361328125 0.1123046875