1 0.28125 0.900390625 0.083984375 0.19921875
1 0.681640625 0.837890625 0.05078125 0.2666015625
1 0.9130859375 0.7119140625 0.0537109375 0.22265625
1 0.505859375 0.5068359375 0.03515625 0.146484375
1 0.15625 0.515625 0.0322265625 0.1376953125
1 0.8681640625 0.45703125 0.0283203125 0.1240234375
1 0.9765625 0.3935546875 0.0283203125 0.111328125
1 0.3173828125 0.46875 0.029296875 0.134765625
1 0.3701171875 0.388671875 0.025390625 0.103515625
1 0.634765625 0.376953125 0.0205078125 0.0947265625
1 0.173828125 0.4287109375 0.0341796875 0.12109375
0 0.51171875 0.5625 0.0126953125 0.0234375
1 0.3466796875 0.4423828125 0.04296875 0.109375