1 0.9228515625 0.74609375 0.07421875 0.1962890625
1 0.8505859375 0.4091796875 0.0361328125 0.1337890625
1 0.0830078125 0.2822265625 0.037109375 0.111328125
1 0.1923828125 0.341796875 0.0341796875 0.1162109375
1 0.107421875 0.41796875 0.0380859375 0.1376953125
1 0.78515625 0.36328125 0.0400390625 0.1171875
1 0.330078125 0.44140625 0.029296875 0.142578125
1 0.2705078125 0.2666015625 0.025390625 0.0869140625
1 0.6259765625 0.2880859375 0.021484375 0.0986328125
1 0.2939453125 0.4404296875 0.0498046875 0.1328125
1 0.435546875 0.716796875 0.0537109375 0.1630859375
0 0.2958984375 0.4755859375 0.017578125 0.029296875