1 0.580078125 0.7880859375 0.05078125 0.2099609375
1 0.6650390625 0.576171875 0.0625 0.1259765625
1 0.4990234375 0.4248046875 0.03515625 0.095703125
1 0.6806640625 0.45703125 0.037109375 0.099609375
1 0.546875 0.3828125 0.0322265625 0.0966796875
1 0.7685546875 0.373046875 0.025390625 0.08203125
1 0.3955078125 0.4228515625 0.0283203125 0.0947265625
1 0.7802734375 0.6904296875 0.0546875 0.1435546875
0 0.6923828125 0.6201171875 0.013671875 0.0234375
1 0.5517578125 0.3427734375 0.0224609375 0.0703125
1 0.4130859375 0.458984375 0.0341796875 0.1181640625