1 0.4638671875 0.490234375 0.03515625 0.1044921875
1 0.0693359375 0.794921875 0.0673828125 0.19921875
1 0.6943359375 0.513671875 0.025390625 0.126953125
1 0.1162109375 0.427734375 0.0244140625 0.0947265625
1 0.4111328125 0.4853515625 0.0341796875 0.1142578125
1 0.287109375 0.490234375 0.0283203125 0.1083984375
1 0.255859375 0.4267578125 0.03125 0.0791015625
0 0.359375 0.50390625 0.009765625 0.029296875
1 0.390625 0.4638671875 0.0400390625 0.09765625
1 0.4150390625 0.439453125 0.0361328125 0.0888671875
1 0.236328125 0.3798828125 0.021484375 0.0830078125