1 0.0556640625 0.6982421875 0.041015625 0.185546875
1 0.611328125 0.478515625 0.0283203125 0.0966796875
1 0.5400390625 0.45703125 0.0205078125 0.087890625
1 0.384765625 0.4482421875 0.01953125 0.0966796875
1 0.857421875 0.4697265625 0.0234375 0.08984375
1 0.7763671875 0.51171875 0.0263671875 0.115234375
1 0.666015625 0.587890625 0.0654296875 0.1318359375
1 0.89453125 0.8427734375 0.052734375 0.2080078125
0 0.712890625 0.640625 0.01171875 0.0205078125
1 0.68359375 0.6005859375 0.0498046875 0.1494140625
1 0.78125 0.4482421875 0.0224609375 0.0576171875