1 0.1787109375 0.498046875 0.0400390625 0.1337890625
1 0.728515625 0.3857421875 0.0341796875 0.115234375
1 0.6630859375 0.4169921875 0.0361328125 0.0986328125
1 0.904296875 0.431640625 0.0380859375 0.1083984375
1 0.25390625 0.3701171875 0.0224609375 0.1064453125
1 0.81640625 0.3369140625 0.01953125 0.0859375
1 0.5947265625 0.494140625 0.0322265625 0.142578125
0 0.84375 0.453125 0.01171875 0.0224609375
1 0.873046875 0.4267578125 0.0419921875 0.1064453125
1 0.9208984375 0.3466796875 0.0361328125 0.111328125
1 0.8544921875 0.8046875 0.083984375 0.130859375
1 0.5087890625 0.783203125 0.0556640625 0.130859375
1 0.416015625 0.919921875 0.052734375 0.130859375
1 0.357421875 0.943359375 0.0517578125 0.11328125
1 0.134765625 0.8505859375 0.087890625 0.1298828125
1 0.2509765625 0.9541015625 0.0517578125 0.091796875
1 0.306640625 0.9404296875 0.0478515625 0.119140625
1 0.0732421875 0.962890625 0.06640625 0.07421875
1 0.01953125 0.9638671875 0.0390625 0.072265625