1 0.13671875 0.3603515625 0.0380859375 0.1162109375
1 0.7080078125 0.337890625 0.037109375 0.107421875
1 0.7861328125 0.369140625 0.0595703125 0.1123046875
1 0.595703125 0.3271484375 0.03125 0.0927734375
1 0.3662109375 0.2880859375 0.0322265625 0.09765625
1 0.63671875 0.291015625 0.04296875 0.0849609375
1 0.091796875 0.7431640625 0.0693359375 0.1220703125
1 0.197265625 0.3505859375 0.0390625 0.1123046875
1 0.3056640625 0.7607421875 0.072265625 0.1513671875
0 0.6123046875 0.3623046875 0.0107421875 0.01953125
1 0.65625 0.2763671875 0.0224609375 0.080078125