1 0.89453125 0.701171875 0.060546875 0.20703125
1 0.068359375 0.4873046875 0.037109375 0.1240234375
1 0.755859375 0.47265625 0.033203125 0.1162109375
1 0.669921875 0.7880859375 0.0458984375 0.232421875
1 0.2314453125 0.3984375 0.0244140625 0.103515625
1 0.447265625 0.46484375 0.037109375 0.123046875
1 0.572265625 0.365234375 0.0263671875 0.0791015625
1 0.9482421875 0.384765625 0.0244140625 0.0927734375
1 0.619140625 0.37890625 0.0234375 0.080078125
1 0.544921875 0.9248046875 0.0517578125 0.1376953125
1 0.2939453125 0.8681640625 0.05859375 0.1884765625
1 0.45703125 0.45703125 0.025390625 0.126953125
0 0.6142578125 0.4140625 0.0126953125 0.017578125
1 0.015625 0.443359375 0.0302734375 0.107421875
1 0.6201171875 0.7724609375 0.060546875 0.126953125
1 0.396484375 0.9365234375 0.0556640625 0.119140625
1 0.44921875 0.9345703125 0.0478515625 0.12890625
1 0.49609375 0.9296875 0.0439453125 0.140625
1 0.7197265625 0.87890625 0.052734375 0.1181640625
1 0.791015625 0.87890625 0.0615234375 0.1298828125
1 0.88671875 0.8671875 0.0654296875 0.12890625
1 0.955078125 0.8623046875 0.060546875 0.1357421875