1 0.755859375 0.6025390625 0.0537109375 0.1865234375
1 0.03515625 0.470703125 0.0576171875 0.1591796875
1 0.0302734375 0.6787109375 0.060546875 0.1640625
1 0.298828125 0.361328125 0.0322265625 0.1142578125
1 0.255859375 0.4248046875 0.02734375 0.1298828125
1 0.203125 0.3623046875 0.03515625 0.1181640625
1 0.2412109375 0.3046875 0.03125 0.0849609375
0 0.91015625 0.4248046875 0.0126953125 0.0224609375
1 0.9365234375 0.3701171875 0.044921875 0.12109375
1 0.6162109375 0.416015625 0.021484375 0.1376953125
1 0.017578125 0.3388671875 0.0341796875 0.1064453125
1 0.6845703125 0.767578125 0.0517578125 0.146484375
1 0.220703125 0.27734375 0.021484375 0.087890625