1 0.205078125 0.6474609375 0.052734375 0.1884765625
1 0.904296875 0.474609375 0.0439453125 0.1513671875
1 0.671875 0.388671875 0.03125 0.1171875
1 0.751953125 0.458984375 0.0390625 0.1416015625
1 0.236328125 0.423828125 0.03125 0.1376953125
1 0.1474609375 0.6494140625 0.04296875 0.1708984375
1 0.564453125 0.3193359375 0.02734375 0.0927734375
1 0.3935546875 0.3623046875 0.0244140625 0.095703125
0 0.6318359375 0.4140625 0.0126953125 0.0224609375
1 0.6416015625 0.400390625 0.0341796875 0.1142578125
1 0.228515625 0.333984375 0.0234375 0.0966796875
1 0.876953125 0.4228515625 0.0322265625 0.126953125