1 0.560546875 0.7998046875 0.060546875 0.208984375
1 0.3544921875 0.9326171875 0.0634765625 0.134765625
1 0.484375 0.931640625 0.046875 0.13671875
1 0.732421875 0.5234375 0.052734375 0.123046875
1 0.681640625 0.630859375 0.03515625 0.1728515625
1 0.4228515625 0.6064453125 0.037109375 0.1474609375
1 0.5732421875 0.482421875 0.0361328125 0.1015625
1 0.9658203125 0.4326171875 0.0283203125 0.1025390625
1 0.6484375 0.4541015625 0.0263671875 0.09765625
1 0.8212890625 0.4599609375 0.0205078125 0.1005859375
1 0.6201171875 0.40234375 0.02734375 0.083984375
1 0.3427734375 0.4716796875 0.0283203125 0.09765625
0 0.5947265625 0.5234375 0.013671875 0.021484375