1 0.63671875 0.7109375 0.048828125 0.205078125
1 0.55859375 0.611328125 0.044921875 0.16015625
1 0.275390625 0.75390625 0.0537109375 0.185546875
1 0.3857421875 0.767578125 0.0537109375 0.24609375
1 0.2138671875 0.802734375 0.072265625 0.212890625
1 0.8544921875 0.5546875 0.0361328125 0.1552734375
1 0.4345703125 0.6337890625 0.03515625 0.1689453125
1 0.896484375 0.572265625 0.03515625 0.14453125
1 0.13671875 0.40625 0.0283203125 0.076171875
1 0.6484375 0.3994140625 0.0205078125 0.0986328125
1 0.490234375 0.396484375 0.025390625 0.1005859375
1 0.4619140625 0.3544921875 0.01953125 0.08203125
1 0.568359375 0.8291015625 0.0498046875 0.2099609375
0 0.451171875 0.69140625 0.0146484375 0.0302734375