1 0.0400390625 0.935546875 0.0498046875 0.12890625
1 0.3203125 0.6806640625 0.0390625 0.142578125
1 0.5380859375 0.607421875 0.0302734375 0.109375
1 0.181640625 0.6572265625 0.0234375 0.1328125
1 0.9912109375 0.646484375 0.0166015625 0.1533203125
1 0.1201171875 0.599609375 0.02734375 0.11328125
1 0.375 0.5380859375 0.0205078125 0.0859375
1 0.3037109375 0.5673828125 0.0224609375 0.095703125
1 0.423828125 0.529296875 0.0185546875 0.0849609375
1 0.1279296875 0.552734375 0.0322265625 0.0869140625
0 0.2333984375 0.5478515625 0.013671875 0.01953125