1 0.115234375 0.3818359375 0.0361328125 0.107421875
1 0.91796875 0.3232421875 0.029296875 0.10546875
1 0.390625 0.30859375 0.0380859375 0.1025390625
1 0.234375 0.33984375 0.029296875 0.12109375
1 0.443359375 0.259765625 0.0263671875 0.0908203125
1 0.9892578125 0.404296875 0.021484375 0.140625
1 0.580078125 0.720703125 0.0712890625 0.1318359375
1 0.58203125 0.294921875 0.0234375 0.1064453125
1 0.4150390625 0.4560546875 0.037109375 0.1357421875
1 0.4091796875 0.271484375 0.0244140625 0.091796875
0 0.2587890625 0.4228515625 0.0126953125 0.0234375