1 0.908203125 0.7080078125 0.0615234375 0.19921875
1 0.6875 0.810546875 0.0439453125 0.2392578125
1 0.5634765625 0.5078125 0.0380859375 0.125
1 0.8291015625 0.44921875 0.0302734375 0.111328125
1 0.193359375 0.515625 0.0361328125 0.1298828125
1 0.396484375 0.482421875 0.025390625 0.12890625
1 0.2421875 0.4658203125 0.0263671875 0.1064453125
1 0.640625 0.796875 0.05859375 0.138671875
1 0.3203125 0.876953125 0.0498046875 0.19140625
1 0.63671875 0.37109375 0.01953125 0.0810546875
1 0.427734375 0.4052734375 0.03125 0.0888671875
1 0.96484375 0.3994140625 0.025390625 0.099609375
1 0.2158203125 0.4345703125 0.029296875 0.1162109375
0 0.580078125 0.5517578125 0.0107421875 0.0205078125