1 0.4052734375 0.693359375 0.0634765625 0.2001953125
1 0.3447265625 0.44921875 0.04296875 0.1357421875
1 0.2841796875 0.6318359375 0.046875 0.171875
1 0.771484375 0.4453125 0.0419921875 0.140625
1 0.921875 0.861328125 0.0771484375 0.2763671875
1 0.2353515625 0.3369140625 0.0244140625 0.0849609375
1 0.783203125 0.322265625 0.0234375 0.0966796875
1 0.185546875 0.671875 0.048828125 0.1982421875
0 0.3212890625 0.498046875 0.013671875 0.0244140625
1 0.9609375 0.6796875 0.0478515625 0.2529296875
1 0.982421875 0.5927734375 0.03515625 0.208984375