1 0.76171875 0.5888671875 0.0419921875 0.1318359375
1 0.23046875 0.5087890625 0.021484375 0.1015625
1 0.2890625 0.587890625 0.025390625 0.12890625
1 0.4453125 0.5009765625 0.021484375 0.0927734375
1 0.50390625 0.4990234375 0.0302734375 0.08203125
1 0.1708984375 0.5107421875 0.0234375 0.078125
1 0.111328125 0.8896484375 0.06640625 0.2138671875
1 0.275390625 0.4716796875 0.0244140625 0.0673828125
1 0.326171875 0.47265625 0.017578125 0.080078125
1 0.306640625 0.44140625 0.017578125 0.05859375
0 0.3056640625 0.4609375 0.0068359375 0.0126953125