1 0.9208984375 0.5625 0.041015625 0.1474609375
1 0.3515625 0.7509765625 0.052734375 0.1982421875
1 0.5927734375 0.71875 0.04296875 0.2001953125
1 0.8603515625 0.53515625 0.0361328125 0.146484375
1 0.677734375 0.396484375 0.0302734375 0.1005859375
1 0.423828125 0.6318359375 0.0302734375 0.1669921875
1 0.48046875 0.3896484375 0.021484375 0.0986328125
1 0.126953125 0.40625 0.02734375 0.0751953125
1 0.4228515625 0.3447265625 0.0185546875 0.0791015625
1 0.203125 0.80078125 0.06640625 0.2109375
1 0.466796875 0.8173828125 0.0615234375 0.208984375
1 0.609375 0.578125 0.0390625 0.1611328125
0 0.578125 0.783203125 0.0126953125 0.03515625