1 0.6669921875 0.748046875 0.0478515625 0.1904296875
1 0.5595703125 0.7216796875 0.04296875 0.1865234375
1 0.0927734375 0.50390625 0.02734375 0.125
1 0.46875 0.48828125 0.0302734375 0.1064453125
1 0.33203125 0.515625 0.048828125 0.1162109375
1 0.443359375 0.8388671875 0.05859375 0.1357421875
1 0.51171875 0.435546875 0.0302734375 0.087890625
1 0.544921875 0.3916015625 0.0146484375 0.072265625
1 0.658203125 0.4208984375 0.0146484375 0.07421875
1 0.34375 0.466796875 0.0185546875 0.08203125
1 0.3427734375 0.443359375 0.0341796875 0.09375
1 0.6494140625 0.4541015625 0.0244140625 0.0947265625