1 0.5234375 0.5498046875 0.02734375 0.1162109375
1 0.2138671875 0.603515625 0.0322265625 0.1455078125
1 0.4296875 0.5908203125 0.05078125 0.1474609375
1 0.9296875 0.8701171875 0.064453125 0.2138671875
1 0.72265625 0.560546875 0.0439453125 0.1318359375
1 0.6435546875 0.5283203125 0.025390625 0.1064453125
1 0.87109375 0.4931640625 0.0244140625 0.0849609375
1 0.73046875 0.4384765625 0.0205078125 0.07421875
1 0.6943359375 0.54296875 0.0419921875 0.125
1 0.7255859375 0.5322265625 0.05078125 0.0791015625
0 0.6982421875 0.5830078125 0.015625 0.029296875