1 0.525390625 0.84375 0.0498046875 0.2314453125
1 0.388671875 0.84765625 0.0537109375 0.1806640625
1 0.099609375 0.5263671875 0.0419921875 0.1162109375
1 0.6484375 0.7392578125 0.05078125 0.1875
1 0.59375 0.7578125 0.0478515625 0.185546875
1 0.6484375 0.5458984375 0.0361328125 0.1337890625
1 0.8701171875 0.4375 0.0302734375 0.1201171875
1 0.4599609375 0.455078125 0.0283203125 0.1015625
1 0.7353515625 0.4853515625 0.0244140625 0.1064453125
1 0.40234375 0.42578125 0.0166015625 0.0888671875
1 0.576171875 0.3984375 0.017578125 0.0849609375
1 0.4873046875 0.4169921875 0.017578125 0.0888671875
1 0.8701171875 0.3916015625 0.01953125 0.048828125