1 0.3720703125 0.771484375 0.052734375 0.1943359375
1 0.568359375 0.619140625 0.0439453125 0.1357421875
1 0.591796875 0.9052734375 0.044921875 0.189453125
1 0.333984375 0.662109375 0.03515625 0.1728515625
1 0.080078125 0.4404296875 0.0283203125 0.0927734375
1 0.2705078125 0.482421875 0.0322265625 0.1025390625
1 0.4306640625 0.4892578125 0.0283203125 0.1025390625
1 0.3662109375 0.48046875 0.0322265625 0.099609375
1 0.640625 0.4755859375 0.0185546875 0.099609375
1 0.439453125 0.427734375 0.0244140625 0.0927734375
1 0.3525390625 0.4580078125 0.0283203125 0.08984375
0 0.4189453125 0.5283203125 0.0078125 0.0263671875