1 0.8515625 0.7314453125 0.0830078125 0.1953125
1 0.8994140625 0.404296875 0.0390625 0.130859375
1 0.150390625 0.3564453125 0.0302734375 0.1123046875
1 0.0888671875 0.2744140625 0.033203125 0.1083984375
1 0.3837890625 0.3486328125 0.0361328125 0.1015625
1 0.8271484375 0.3681640625 0.041015625 0.1171875
1 0.669921875 0.2900390625 0.0244140625 0.1005859375
1 0.41796875 0.36328125 0.03125 0.095703125
1 0.2548828125 0.2939453125 0.025390625 0.111328125
0 0.400390625 0.4404296875 0.0126953125 0.01953125
1 0.255859375 0.2529296875 0.0263671875 0.072265625