1 0.2431640625 0.9326171875 0.05859375 0.134765625
1 0.4736328125 0.87890625 0.04296875 0.2421875
1 0.6103515625 0.791015625 0.0478515625 0.212890625
1 0.55078125 0.8115234375 0.048828125 0.2119140625
1 0.3046875 0.9208984375 0.056640625 0.158203125
1 0.0224609375 0.5888671875 0.044921875 0.142578125
1 0.7724609375 0.5908203125 0.0458984375 0.1494140625
1 0.5458984375 0.427734375 0.029296875 0.091796875
1 0.82421875 0.4482421875 0.0263671875 0.1171875
1 0.359375 0.4560546875 0.021484375 0.0986328125
1 0.7001953125 0.4921875 0.0234375 0.107421875
1 0.4716796875 0.462890625 0.0302734375 0.1220703125
1 0.4599609375 0.4384765625 0.02734375 0.103515625
1 0.8427734375 0.42578125 0.0234375 0.091796875