1 0.8857421875 0.6748046875 0.0458984375 0.19921875
1 0.4853515625 0.4306640625 0.0244140625 0.107421875
1 0.0263671875 0.435546875 0.04296875 0.1171875
1 0.7421875 0.64453125 0.0390625 0.197265625
1 0.5146484375 0.7841796875 0.060546875 0.1357421875
1 0.80078125 0.3544921875 0.0322265625 0.09375
1 0.7451171875 0.3388671875 0.0224609375 0.0810546875
1 0.3564453125 0.357421875 0.0244140625 0.0869140625
1 0.69140625 0.4267578125 0.0302734375 0.1044921875
1 0.3359375 0.3759765625 0.0185546875 0.0908203125
1 0.712890625 0.416015625 0.0263671875 0.09765625
1 0.7041015625 0.369140625 0.021484375 0.0537109375
0 0.8154296875 0.302734375 0.0087890625 0.0126953125