1 0.744140625 0.68359375 0.0380859375 0.158203125
1 0.408203125 0.828125 0.037109375 0.2041015625
1 0.2265625 0.5419921875 0.033203125 0.11328125
1 0.3896484375 0.4814453125 0.025390625 0.095703125
1 0.349609375 0.849609375 0.033203125 0.240234375
1 0.5 0.4814453125 0.025390625 0.1005859375
1 0.7333984375 0.466796875 0.0234375 0.0947265625
1 0.919921875 0.5234375 0.03125 0.1181640625
1 0.2548828125 0.9208984375 0.0537109375 0.142578125
1 0.59765625 0.478515625 0.0263671875 0.0869140625
1 0.6513671875 0.4384765625 0.0224609375 0.0791015625
1 0.5732421875 0.4208984375 0.0146484375 0.0703125
0 0.3505859375 0.4609375 0.009765625 0.021484375
1 0.5888671875 0.4306640625 0.017578125 0.046875