1 0.4697265625 0.5576171875 0.0390625 0.109375
1 0.779296875 0.8779296875 0.060546875 0.2236328125
1 0.3505859375 0.5263671875 0.03515625 0.1123046875
1 0.8466796875 0.888671875 0.056640625 0.2021484375
1 0.580078125 0.4560546875 0.0244140625 0.083984375
1 0.298828125 0.451171875 0.01953125 0.0947265625
1 0.5185546875 0.4599609375 0.0361328125 0.080078125
1 0.931640625 0.857421875 0.0517578125 0.2587890625
1 0.6650390625 0.4111328125 0.0224609375 0.0712890625
1 0.37109375 0.4619140625 0.03515625 0.1025390625
0 0.5419921875 0.48828125 0.009765625 0.01953125
1 0.5185546875 0.4541015625 0.0341796875 0.0888671875