1 0.46875 0.814453125 0.041015625 0.2021484375
1 0.6220703125 0.5791015625 0.0341796875 0.1181640625
1 0.322265625 0.6015625 0.03125 0.12890625
1 0.423828125 0.498046875 0.02734375 0.0966796875
1 0.5703125 0.5625 0.021484375 0.1123046875
1 0.53515625 0.517578125 0.021484375 0.099609375
1 0.388671875 0.48828125 0.0263671875 0.1123046875
1 0.1220703125 0.560546875 0.0439453125 0.0771484375
1 0.3203125 0.5322265625 0.0234375 0.1123046875
0 0.14453125 0.5869140625 0.0126953125 0.025390625
1 0.3828125 0.46875 0.0166015625 0.076171875