1 0.9755859375 0.6689453125 0.048828125 0.158203125
1 0.09765625 0.9111328125 0.04296875 0.1767578125
1 0.56640625 0.7275390625 0.0361328125 0.1552734375
1 0.0771484375 0.630859375 0.0439453125 0.111328125
1 0.5625 0.5361328125 0.0263671875 0.09375
1 0.173828125 0.5888671875 0.03125 0.109375
1 0.3603515625 0.51953125 0.01953125 0.0888671875
1 0.3427734375 0.58984375 0.0263671875 0.134765625
1 0.1826171875 0.552734375 0.0283203125 0.1025390625
0 0.0947265625 0.6435546875 0.0185546875 0.037109375
1 0.3447265625 0.6396484375 0.03125 0.1376953125