1 0.1591796875 0.818359375 0.05859375 0.2197265625
1 0.6591796875 0.5673828125 0.02734375 0.1337890625
1 0.8662109375 0.48046875 0.0244140625 0.09765625
1 0.03515625 0.4599609375 0.02734375 0.0908203125
1 0.501953125 0.552734375 0.029296875 0.1162109375
1 0.3173828125 0.4736328125 0.0322265625 0.109375
1 0.46875 0.40234375 0.0205078125 0.0712890625
1 0.283203125 0.845703125 0.0537109375 0.208984375
0 0.3349609375 0.51953125 0.0078125 0.0166015625
1 0.3203125 0.4609375 0.037109375 0.09375
1 0.5224609375 0.4892578125 0.0302734375 0.1083984375