1 0.5654296875 0.611328125 0.044921875 0.208984375
1 0.1318359375 0.455078125 0.044921875 0.1533203125
1 0.7294921875 0.28515625 0.033203125 0.1064453125
1 0.5546875 0.365234375 0.0390625 0.1201171875
1 0.5126953125 0.4365234375 0.0341796875 0.134765625
1 0.79296875 0.3955078125 0.0244140625 0.14453125
1 0.4619140625 0.26171875 0.0224609375 0.08984375
0 0.7705078125 0.44140625 0.015625 0.02734375
1 0.3837890625 0.380859375 0.0302734375 0.12109375
1 0.3916015625 0.3681640625 0.0205078125 0.107421875
1 0.3798828125 0.3125 0.025390625 0.08984375