1 0.90234375 0.703125 0.068359375 0.2001953125
1 0.69140625 0.822265625 0.048828125 0.2431640625
1 0.2099609375 0.5224609375 0.029296875 0.126953125
1 0.32421875 0.4755859375 0.0263671875 0.1162109375
1 0.8916015625 0.4853515625 0.025390625 0.1162109375
1 0.3232421875 0.8896484375 0.04296875 0.1884765625
1 0.9638671875 0.419921875 0.0302734375 0.095703125
1 0.3779296875 0.4072265625 0.025390625 0.0869140625
1 0.44921875 0.44921875 0.029296875 0.1005859375
1 0.5244140625 0.5029296875 0.0244140625 0.1318359375
1 0.671875 0.41796875 0.01953125 0.091796875
0 0.5048828125 0.5390625 0.01171875 0.0205078125
1 0.2294921875 0.4482421875 0.0361328125 0.1103515625