1 0.068359375 0.6962890625 0.048828125 0.2138671875
1 0.498046875 0.4345703125 0.0263671875 0.115234375
1 0.9833984375 0.439453125 0.033203125 0.1259765625
1 0.2216796875 0.6640625 0.0419921875 0.2119140625
1 0.4658203125 0.8134765625 0.064453125 0.146484375
1 0.1591796875 0.3525390625 0.0341796875 0.1005859375
1 0.2197265625 0.3359375 0.0244140625 0.087890625
1 0.6357421875 0.35546875 0.0263671875 0.09375
1 0.2763671875 0.4296875 0.0322265625 0.1123046875
1 0.658203125 0.3759765625 0.0205078125 0.09765625
1 0.25390625 0.4189453125 0.0283203125 0.1044921875
1 0.263671875 0.3681640625 0.0234375 0.0576171875
0 0.1435546875 0.2978515625 0.0087890625 0.013671875