1 0.3623046875 0.8720703125 0.060546875 0.212890625
1 0.9833984375 0.935546875 0.033203125 0.12890625
1 0.5625 0.7861328125 0.0419921875 0.171875
1 0.111328125 0.763671875 0.0478515625 0.173828125
1 0.91015625 0.779296875 0.0498046875 0.169921875
1 0.78515625 0.638671875 0.0380859375 0.1328125
1 0.5224609375 0.576171875 0.021484375 0.1005859375
1 0.9130859375 0.5849609375 0.0224609375 0.103515625
1 0.6552734375 0.537109375 0.01953125 0.0791015625
0 0.7978515625 0.798828125 0.0234375 0.0341796875
1 0.8837890625 0.7998046875 0.064453125 0.1865234375