1 0.48828125 0.7021484375 0.052734375 0.212890625
1 0.763671875 0.5537109375 0.0458984375 0.1611328125
1 0.4150390625 0.478515625 0.0380859375 0.1142578125
1 0.2421875 0.3955078125 0.0322265625 0.1171875
1 0.3623046875 0.33984375 0.025390625 0.1005859375
1 0.5791015625 0.4326171875 0.0361328125 0.119140625
1 0.2138671875 0.3095703125 0.0205078125 0.0947265625
1 0.419921875 0.2919921875 0.0185546875 0.0859375
1 0.5263671875 0.6044921875 0.0458984375 0.189453125
0 0.501953125 0.673828125 0.0126953125 0.033203125
1 0.5927734375 0.3544921875 0.0263671875 0.0966796875