1 0.40234375 0.58984375 0.037109375 0.111328125
1 0.4951171875 0.8310546875 0.044921875 0.1806640625
1 0.5322265625 0.54296875 0.0439453125 0.12109375
1 0.5693359375 0.505859375 0.02734375 0.09765625
1 0.4521484375 0.5556640625 0.0302734375 0.0927734375
1 0.6201171875 0.4638671875 0.0205078125 0.078125
1 0.376953125 0.5029296875 0.0224609375 0.07421875
1 0.6728515625 0.505859375 0.025390625 0.080078125
1 0.65234375 0.818359375 0.0693359375 0.1767578125
0 0.486328125 0.607421875 0.0126953125 0.025390625
1 0.4697265625 0.4892578125 0.0244140625 0.078125
1 0.5322265625 0.5146484375 0.02734375 0.0810546875