1 0.53515625 0.521484375 0.0322265625 0.095703125
1 0.240234375 0.728515625 0.0439453125 0.2119140625
1 0.185546875 0.7607421875 0.0537109375 0.21484375
1 0.8076171875 0.56640625 0.03515625 0.1357421875
1 0.66796875 0.447265625 0.0302734375 0.0966796875
1 0.7265625 0.4091796875 0.0322265625 0.083984375
1 0.548828125 0.3740234375 0.0263671875 0.08203125
1 0.623046875 0.427734375 0.0224609375 0.0849609375
1 0.4794921875 0.4248046875 0.0283203125 0.0927734375
1 0.041015625 0.4208984375 0.025390625 0.095703125
1 0.4619140625 0.501953125 0.0234375 0.0966796875
0 0.56640625 0.5791015625 0.01171875 0.01953125
1 0.1259765625 0.830078125 0.0673828125 0.2099609375