1 0.423828125 0.8837890625 0.0615234375 0.232421875
1 0.068359375 0.4462890625 0.037109375 0.1220703125
1 0.6513671875 0.72265625 0.041015625 0.185546875
1 0.404296875 0.4208984375 0.02734375 0.1142578125
1 0.626953125 0.4716796875 0.037109375 0.12890625
1 0.5634765625 0.3896484375 0.025390625 0.0859375
1 0.6923828125 0.396484375 0.025390625 0.0947265625
1 0.7451171875 0.69921875 0.0302734375 0.14453125
1 0.548828125 0.349609375 0.0224609375 0.0830078125
1 0.6162109375 0.3818359375 0.021484375 0.0732421875
1 0.64453125 0.4013671875 0.0244140625 0.083984375
0 0.6083984375 0.4521484375 0.0087890625 0.0224609375