1 0.283203125 0.5869140625 0.0556640625 0.16015625
1 0.359375 0.568359375 0.048828125 0.158203125
1 0.4384765625 0.462890625 0.0244140625 0.119140625
1 0.8876953125 0.5439453125 0.033203125 0.134765625
1 0.7880859375 0.412109375 0.0234375 0.0927734375
1 0.9267578125 0.5234375 0.0498046875 0.1474609375
1 0.763671875 0.365234375 0.021484375 0.0859375
1 0.32421875 0.345703125 0.021484375 0.0849609375
1 0.5029296875 0.8232421875 0.052734375 0.169921875
0 0.0615234375 0.63671875 0.0166015625 0.0234375
1 0.025390625 0.578125 0.05078125 0.1533203125