1 0.9423828125 0.5361328125 0.04296875 0.154296875
1 0.34765625 0.7333984375 0.0546875 0.20703125
1 0.599609375 0.69921875 0.044921875 0.208984375
1 0.8798828125 0.5078125 0.0380859375 0.1533203125
1 0.6884765625 0.3623046875 0.0322265625 0.10546875
1 0.4228515625 0.6083984375 0.0322265625 0.1748046875
1 0.482421875 0.35546875 0.0224609375 0.1025390625
1 0.11328125 0.3720703125 0.0283203125 0.0791015625
1 0.4228515625 0.30859375 0.01953125 0.0830078125
1 0.1923828125 0.78515625 0.0693359375 0.220703125
1 0.4677734375 0.802734375 0.064453125 0.21875
1 0.6171875 0.552734375 0.0400390625 0.1689453125
0 0.583984375 0.767578125 0.0126953125 0.0361328125