1 0.3369140625 0.7861328125 0.04296875 0.21875
1 0.400390625 0.7724609375 0.0439453125 0.2001953125
1 0.45703125 0.794921875 0.0576171875 0.1396484375
1 0.8046875 0.5146484375 0.0341796875 0.1171875
1 0.9248046875 0.5234375 0.037109375 0.125
1 0.5810546875 0.51171875 0.02734375 0.1103515625
1 0.3818359375 0.4775390625 0.0205078125 0.08984375
1 0.5517578125 0.4345703125 0.0302734375 0.0888671875
1 0.609375 0.4326171875 0.0234375 0.08203125
1 0.634765625 0.451171875 0.021484375 0.0849609375
1 0.3291015625 0.4267578125 0.0146484375 0.080078125
1 0.451171875 0.4052734375 0.015625 0.0673828125
1 0.5478515625 0.8583984375 0.060546875 0.1435546875
0 0.5966796875 0.4677734375 0.0068359375 0.017578125