1 0.3603515625 0.740234375 0.0439453125 0.1708984375
1 0.41015625 0.7568359375 0.0439453125 0.1826171875
1 0.466796875 0.8369140625 0.056640625 0.2021484375
1 0.9013671875 0.5283203125 0.037109375 0.103515625
1 0.4794921875 0.53515625 0.0322265625 0.111328125
1 0.2685546875 0.515625 0.0263671875 0.1083984375
1 0.140625 0.4775390625 0.0263671875 0.1015625
1 0.529296875 0.4306640625 0.01953125 0.0791015625
1 0.6162109375 0.48828125 0.01953125 0.1015625
1 0.431640625 0.4091796875 0.0146484375 0.076171875
1 0.59765625 0.4404296875 0.017578125 0.080078125
1 0.138671875 0.42578125 0.021484375 0.0537109375