1 0.955078125 0.7421875 0.0654296875 0.212890625
1 0.7197265625 0.8515625 0.046875 0.255859375
1 0.5869140625 0.5283203125 0.0400390625 0.1337890625
1 0.87109375 0.4658203125 0.0322265625 0.119140625
1 0.1923828125 0.5361328125 0.0380859375 0.138671875
1 0.4091796875 0.5009765625 0.02734375 0.1376953125
1 0.244140625 0.484375 0.0283203125 0.1142578125
1 0.6689453125 0.8369140625 0.0625 0.1484375
1 0.3271484375 0.91015625 0.052734375 0.1787109375
1 0.6650390625 0.3828125 0.021484375 0.0869140625
1 0.44140625 0.4189453125 0.033203125 0.0947265625
1 0.2158203125 0.4501953125 0.03125 0.1240234375
0 0.6044921875 0.5751953125 0.0107421875 0.021484375