1 0.3876953125 0.8994140625 0.056640625 0.201171875
1 0.1650390625 0.5341796875 0.0341796875 0.130859375
1 0.8486328125 0.6787109375 0.0400390625 0.16015625
1 0.3740234375 0.5244140625 0.0390625 0.115234375
1 0.892578125 0.595703125 0.0283203125 0.1240234375
1 0.4384765625 0.5302734375 0.02734375 0.1181640625
1 0.5087890625 0.44140625 0.0361328125 0.07421875
1 0.6689453125 0.46875 0.0224609375 0.1015625
1 0.1328125 0.4462890625 0.0185546875 0.095703125
1 0.4384765625 0.4091796875 0.021484375 0.07421875
0 0.4375 0.447265625 0.01171875 0.0244140625