1 0.1240234375 0.6845703125 0.052734375 0.1962890625
1 0.2392578125 0.681640625 0.04296875 0.1845703125
1 0.3466796875 0.4443359375 0.0380859375 0.111328125
1 0.6328125 0.4365234375 0.0244140625 0.1044921875
1 0.486328125 0.796875 0.064453125 0.13671875
1 0.591796875 0.408203125 0.0185546875 0.0869140625
1 0.4111328125 0.3427734375 0.021484375 0.07421875
1 0.7158203125 0.3759765625 0.0244140625 0.0849609375
1 0.296875 0.3623046875 0.0185546875 0.07421875
1 0.7333984375 0.3857421875 0.025390625 0.095703125
0 0.404296875 0.3779296875 0.0107421875 0.0166015625
1 0.3251953125 0.3896484375 0.029296875 0.0869140625