1 0.4326171875 0.833984375 0.0390625 0.2109375
1 0.501953125 0.80859375 0.0458984375 0.19921875
1 0.236328125 0.494140625 0.033203125 0.1201171875
1 0.7392578125 0.453125 0.0341796875 0.099609375
1 0.3515625 0.873046875 0.0498046875 0.1337890625
1 0.498046875 0.4638671875 0.029296875 0.087890625
1 0.3916015625 0.4150390625 0.0205078125 0.0693359375
1 0.5615234375 0.404296875 0.0166015625 0.0791015625
0 0.3759765625 0.4375 0.0078125 0.0166015625
1 0.509765625 0.40625 0.02734375 0.09765625
1 0.5126953125 0.466796875 0.03515625 0.0986328125
1 0.7138671875 0.4150390625 0.0224609375 0.08984375