1 0.716796875 0.5888671875 0.056640625 0.16796875
1 0.7822265625 0.6171875 0.056640625 0.1806640625
1 0.525390625 0.4609375 0.025390625 0.1279296875
1 0.2177734375 0.37109375 0.0263671875 0.0908203125
1 0.1845703125 0.5439453125 0.0322265625 0.1328125
1 0.13671875 0.43359375 0.021484375 0.1083984375
1 0.708984375 0.359375 0.0205078125 0.0966796875
1 0.48046875 0.8525390625 0.05859375 0.1708984375
0 0.947265625 0.6513671875 0.015625 0.0234375
1 0.97265625 0.6279296875 0.0546875 0.126953125
1 0.166015625 0.4853515625 0.033203125 0.142578125