1 0.8857421875 0.814453125 0.060546875 0.267578125
1 0.7109375 0.4375 0.0341796875 0.13671875
1 0.521484375 0.521484375 0.05078125 0.1494140625
1 0.2705078125 0.357421875 0.02734375 0.1064453125
1 0.6181640625 0.46875 0.0263671875 0.130859375
1 0.044921875 0.33203125 0.03125 0.1083984375
1 0.400390625 0.33984375 0.037109375 0.09375
1 0.3330078125 0.3251953125 0.0283203125 0.09375
1 0.5810546875 0.3447265625 0.0283203125 0.103515625
1 0.6123046875 0.3125 0.0302734375 0.1005859375
1 0.8251953125 0.7890625 0.0693359375 0.150390625
1 0.466796875 0.7607421875 0.0537109375 0.15234375
0 0.5361328125 0.5185546875 0.0166015625 0.02734375