1 0.751953125 0.875 0.0537109375 0.25
1 0.4580078125 0.7041015625 0.048828125 0.17578125
1 0.6513671875 0.81640625 0.0517578125 0.2060546875
1 0.900390625 0.5537109375 0.0322265625 0.13671875
1 0.703125 0.4765625 0.02734375 0.1103515625
1 0.4365234375 0.44140625 0.025390625 0.0791015625
1 0.3232421875 0.43359375 0.01953125 0.1025390625
1 0.1552734375 0.5029296875 0.0263671875 0.1259765625
1 0.3955078125 0.4111328125 0.0224609375 0.080078125
1 0.4814453125 0.40625 0.0205078125 0.08984375
1 0.5478515625 0.439453125 0.0185546875 0.107421875
1 0.60546875 0.837890625 0.044921875 0.142578125
0 0.185546875 0.5185546875 0.015625 0.0185546875