1 0.8017578125 0.80859375 0.056640625 0.2216796875
1 0.4677734375 0.630859375 0.0361328125 0.138671875
1 0.708984375 0.8447265625 0.0556640625 0.2060546875
1 0.390625 0.4931640625 0.0380859375 0.1005859375
1 0.361328125 0.56640625 0.03125 0.142578125
1 0.03125 0.5078125 0.025390625 0.109375
1 0.943359375 0.4638671875 0.0224609375 0.08984375
1 0.1630859375 0.4716796875 0.0224609375 0.0927734375
1 0.6875 0.44921875 0.0205078125 0.0751953125
1 0.6162109375 0.44140625 0.0224609375 0.076171875
1 0.5546875 0.40234375 0.025390625 0.068359375
0 0.66796875 0.4814453125 0.009765625 0.0185546875