1 0.4794921875 0.697265625 0.0615234375 0.181640625
1 0.4189453125 0.4931640625 0.046875 0.1162109375
1 0.3134765625 0.8173828125 0.0693359375 0.2607421875
1 0.123046875 0.5 0.0400390625 0.1494140625
1 0.2685546875 0.6630859375 0.033203125 0.1806640625
1 0.90625 0.8759765625 0.0859375 0.216796875
1 0.3671875 0.4228515625 0.0283203125 0.0908203125
1 0.166015625 0.36328125 0.03125 0.0908203125
0 0.5400390625 0.7177734375 0.017578125 0.0283203125
1 0.1142578125 0.4345703125 0.0361328125 0.134765625
1 0.30859375 0.6650390625 0.044921875 0.2041015625