1 0.30078125 0.513671875 0.052734375 0.15625
1 0.4189453125 0.7705078125 0.0732421875 0.1494140625
1 0.181640625 0.6357421875 0.0693359375 0.2109375
1 0.6318359375 0.470703125 0.03125 0.1552734375
1 0.3271484375 0.33203125 0.029296875 0.1025390625
1 0.8369140625 0.3896484375 0.03125 0.115234375
1 0.16015625 0.37890625 0.0244140625 0.1044921875
1 0.1025390625 0.3173828125 0.0224609375 0.0947265625
1 0.8076171875 0.3662109375 0.0283203125 0.1103515625
1 0.5400390625 0.34375 0.033203125 0.1083984375
0 0.1982421875 0.4130859375 0.0146484375 0.03125
1 0.529296875 0.3544921875 0.0244140625 0.1171875