1 0.1259765625 0.5888671875 0.052734375 0.1875
1 0.8212890625 0.416015625 0.0439453125 0.150390625
1 0.5888671875 0.3310546875 0.03125 0.1162109375
1 0.6689453125 0.4013671875 0.0390625 0.140625
1 0.15625 0.3662109375 0.03125 0.13671875
1 0.068359375 0.58984375 0.0419921875 0.169921875
1 0.482421875 0.2626953125 0.02734375 0.0927734375
1 0.3125 0.3046875 0.0244140625 0.0947265625
0 0.5498046875 0.3564453125 0.0126953125 0.0224609375
1 0.5595703125 0.3427734375 0.0341796875 0.1142578125
1 0.1484375 0.27734375 0.0234375 0.0966796875
1 0.7939453125 0.365234375 0.0322265625 0.126953125