1 0.93359375 0.5546875 0.0615234375 0.1796875
1 0.7529296875 0.8046875 0.072265625 0.154296875
1 0.5390625 0.45703125 0.048828125 0.1181640625
1 0.951171875 0.349609375 0.03125 0.095703125
1 0.7939453125 0.419921875 0.0234375 0.1162109375
1 0.3466796875 0.4033203125 0.025390625 0.119140625
1 0.2490234375 0.3388671875 0.0302734375 0.0927734375
1 0.828125 0.431640625 0.0234375 0.1337890625
1 0.3935546875 0.787109375 0.0537109375 0.1357421875
0 0.2265625 0.3984375 0.0087890625 0.017578125
1 0.845703125 0.349609375 0.02734375 0.0986328125