1 0.72265625 0.5771484375 0.0478515625 0.2177734375
1 0.2841796875 0.33984375 0.033203125 0.142578125
1 0.8623046875 0.291015625 0.03125 0.123046875
1 0.6123046875 0.599609375 0.033203125 0.212890625
1 0.5146484375 0.3232421875 0.0302734375 0.134765625
1 0.7587890625 0.2255859375 0.01953125 0.09375
1 0.8427734375 0.4453125 0.0341796875 0.1640625
1 0.244140625 0.248046875 0.02734375 0.115234375
1 0.666015625 0.24609375 0.0205078125 0.1083984375
1 0.44921875 0.2021484375 0.0263671875 0.0888671875
1 0.3603515625 0.2080078125 0.0244140625 0.09375
1 0.07421875 0.75390625 0.0537109375 0.224609375
0 0.494140625 0.2421875 0.01171875 0.017578125
1 0.47265625 0.2138671875 0.0234375 0.0791015625