1 0.7197265625 0.6318359375 0.046875 0.181640625
1 0.8505859375 0.640625 0.0458984375 0.1640625
1 0.4501953125 0.4697265625 0.0361328125 0.1240234375
1 0.5927734375 0.466796875 0.0400390625 0.125
1 0.0517578125 0.458984375 0.033203125 0.1083984375
1 0.8515625 0.421875 0.0283203125 0.1025390625
1 0.75 0.390625 0.0234375 0.0966796875
1 0.7236328125 0.3330078125 0.0234375 0.0771484375
1 0.3994140625 0.365234375 0.0205078125 0.09375
1 0.3818359375 0.3623046875 0.029296875 0.0986328125
1 0.841796875 0.345703125 0.0244140625 0.0859375