1 0.5595703125 0.791015625 0.05859375 0.201171875
1 0.3603515625 0.9267578125 0.0615234375 0.146484375
1 0.4853515625 0.92578125 0.044921875 0.1484375
1 0.7255859375 0.5244140625 0.05078125 0.1181640625
1 0.6767578125 0.6279296875 0.0341796875 0.1669921875
1 0.4267578125 0.6044921875 0.0361328125 0.142578125
1 0.5712890625 0.484375 0.0341796875 0.09765625
1 0.951171875 0.4365234375 0.02734375 0.0986328125
1 0.64453125 0.4580078125 0.025390625 0.09375
1 0.8115234375 0.4638671875 0.01953125 0.0966796875
1 0.6171875 0.408203125 0.0263671875 0.0810546875
1 0.349609375 0.474609375 0.02734375 0.09375
0 0.5927734375 0.5244140625 0.013671875 0.0205078125