1 0.6376953125 0.6884765625 0.0478515625 0.189453125
1 0.8115234375 0.5771484375 0.052734375 0.158203125
1 0.7314453125 0.7177734375 0.04296875 0.1923828125
1 0.443359375 0.6865234375 0.0361328125 0.1689453125
1 0.4345703125 0.869140625 0.048828125 0.244140625
1 0.5009765625 0.4365234375 0.0234375 0.1123046875
1 0.0771484375 0.53515625 0.0302734375 0.134765625
1 0.24609375 0.478515625 0.0341796875 0.0908203125
1 0.3388671875 0.45703125 0.03515625 0.1201171875
1 0.2041015625 0.427734375 0.0234375 0.09765625
1 0.677734375 0.396484375 0.0224609375 0.087890625
1 0.5263671875 0.38671875 0.017578125 0.0830078125
0 0.4384765625 0.47265625 0.0126953125 0.0185546875