1 0.8369140625 0.8203125 0.0576171875 0.2158203125
1 0.3447265625 0.5732421875 0.02734375 0.1318359375
1 0.1416015625 0.4873046875 0.0244140625 0.0966796875
1 0.958984375 0.466796875 0.02734375 0.0888671875
1 0.5 0.55859375 0.029296875 0.1142578125
1 0.6806640625 0.48046875 0.0322265625 0.107421875
1 0.5322265625 0.41015625 0.0205078125 0.0703125
1 0.71484375 0.8466796875 0.052734375 0.205078125
0 0.6640625 0.5263671875 0.0078125 0.0166015625
1 0.6787109375 0.4677734375 0.037109375 0.091796875
1 0.4794921875 0.49609375 0.029296875 0.1064453125