1 0.7529296875 0.6806640625 0.0458984375 0.205078125
1 0.576171875 0.8076171875 0.046875 0.24609375
1 0.916015625 0.685546875 0.0419921875 0.177734375
1 0.06640625 0.4638671875 0.0380859375 0.123046875
1 0.1796875 0.474609375 0.03125 0.1220703125
1 0.6513671875 0.5595703125 0.0302734375 0.154296875
1 0.56640625 0.40234375 0.025390625 0.109375
1 0.1787109375 0.921875 0.060546875 0.15625
1 0.28515625 0.384765625 0.01953125 0.0966796875
1 0.85546875 0.3671875 0.017578125 0.0947265625
1 0.6337890625 0.357421875 0.01953125 0.08203125
1 0.4072265625 0.4326171875 0.0263671875 0.119140625
1 0.3984375 0.4169921875 0.0263671875 0.1064453125