1 0.2529296875 0.623046875 0.037109375 0.123046875
1 0.6962890625 0.8173828125 0.0390625 0.16015625
1 0.69140625 0.6298828125 0.02734375 0.130859375
1 0.31640625 0.587890625 0.021484375 0.111328125
1 0.5615234375 0.525390625 0.0205078125 0.0966796875
1 0.8994140625 0.583984375 0.041015625 0.0732421875
1 0.646484375 0.49609375 0.0205078125 0.0869140625
1 0.4638671875 0.5576171875 0.0302734375 0.1103515625
1 0.626953125 0.79296875 0.0322265625 0.189453125
1 0.7041015625 0.5478515625 0.021484375 0.1123046875
1 0.4560546875 0.5283203125 0.021484375 0.111328125