1 0.0771484375 0.74609375 0.07421875 0.1962890625
1 0.1494140625 0.4091796875 0.0361328125 0.1337890625
1 0.9169921875 0.2822265625 0.037109375 0.111328125
1 0.8076171875 0.341796875 0.0341796875 0.1162109375
1 0.892578125 0.41796875 0.0380859375 0.1376953125
1 0.21484375 0.36328125 0.0400390625 0.1171875
1 0.669921875 0.44140625 0.029296875 0.142578125
1 0.7294921875 0.2666015625 0.025390625 0.0869140625
1 0.3740234375 0.2880859375 0.021484375 0.0986328125
1 0.7060546875 0.4404296875 0.0498046875 0.1328125
1 0.564453125 0.716796875 0.0537109375 0.1630859375
0 0.7041015625 0.4755859375 0.017578125 0.029296875