1 0.5263671875 0.7021484375 0.0576171875 0.189453125
1 0.6474609375 0.7880859375 0.052734375 0.212890625
1 0.939453125 0.5517578125 0.05859375 0.1494140625
1 0.7353515625 0.828125 0.044921875 0.255859375
1 0.6962890625 0.427734375 0.0244140625 0.107421875
1 0.3115234375 0.3974609375 0.025390625 0.1083984375
1 0.439453125 0.3994140625 0.0302734375 0.0888671875
1 0.1396484375 0.45703125 0.025390625 0.119140625
1 0.3837890625 0.3720703125 0.021484375 0.08203125
0 0.1640625 0.4814453125 0.0126953125 0.0234375
1 0.53515625 0.388671875 0.0166015625 0.1044921875
1 0.5517578125 0.3583984375 0.0283203125 0.0869140625
1 0.5283203125 0.3681640625 0.0185546875 0.0888671875