1 0.7783203125 0.83984375 0.080078125 0.279296875
1 0.8505859375 0.6591796875 0.0498046875 0.21875
1 0.6376953125 0.4677734375 0.04296875 0.1376953125
1 0.5888671875 0.51953125 0.0517578125 0.158203125
1 0.3427734375 0.6162109375 0.0478515625 0.173828125
1 0.595703125 0.294921875 0.0224609375 0.08203125
1 0.1748046875 0.3447265625 0.025390625 0.095703125
1 0.3818359375 0.677734375 0.037109375 0.177734375
1 0.0986328125 0.455078125 0.0263671875 0.107421875
1 0.962890625 0.3134765625 0.03125 0.1171875
0 0.0625 0.4384765625 0.0107421875 0.0185546875