1 0.3740234375 0.779296875 0.048828125 0.2060546875
1 0.435546875 0.75 0.0439453125 0.19921875
1 0.2958984375 0.84765625 0.0478515625 0.2470703125
1 0.7060546875 0.529296875 0.0302734375 0.12890625
1 0.34375 0.4462890625 0.029296875 0.1064453125
1 0.228515625 0.4453125 0.0263671875 0.0986328125
1 0.517578125 0.44921875 0.0224609375 0.09765625
1 0.380859375 0.419921875 0.0263671875 0.091796875
1 0.6171875 0.412109375 0.0283203125 0.107421875
1 0.30859375 0.4287109375 0.017578125 0.095703125
0 0.8642578125 0.5400390625 0.013671875 0.0244140625
1 0.6240234375 0.38671875 0.0166015625 0.068359375