1 0.611328125 0.833984375 0.08203125 0.1845703125
1 0.76953125 0.83203125 0.064453125 0.2421875
1 0.0078125 0.46875 0.0146484375 0.10546875
1 0.3359375 0.5888671875 0.029296875 0.138671875
1 0.673828125 0.8818359375 0.0556640625 0.2294921875
1 0.3759765625 0.552734375 0.0322265625 0.1328125
1 0.4716796875 0.427734375 0.0234375 0.0859375
1 0.30859375 0.490234375 0.021484375 0.115234375
1 0.6611328125 0.435546875 0.0234375 0.099609375
1 0.9140625 0.455078125 0.0244140625 0.099609375
1 0.1005859375 0.458984375 0.0166015625 0.103515625
1 0.5400390625 0.3916015625 0.021484375 0.080078125
1 0.505859375 0.896484375 0.0517578125 0.140625
0 0.56640625 0.4482421875 0.01171875 0.0185546875