1 0.6962890625 0.650390625 0.056640625 0.1865234375
1 0.9814453125 0.3896484375 0.037109375 0.134765625
1 0.634765625 0.46875 0.033203125 0.1572265625
1 0.3447265625 0.39453125 0.0263671875 0.130859375
1 0.38671875 0.328125 0.0341796875 0.0966796875
1 0.1494140625 0.71875 0.060546875 0.1669921875
1 0.2900390625 0.5751953125 0.05078125 0.19140625
1 0.2919921875 0.419921875 0.0302734375 0.1357421875
1 0.3056640625 0.513671875 0.0341796875 0.162109375
1 0.37109375 0.3037109375 0.01953125 0.0927734375
0 0.9326171875 0.4765625 0.015625 0.0244140625