1 0.697265625 0.60546875 0.044921875 0.2109375
1 0.80078125 0.5712890625 0.0419921875 0.2001953125
1 0.787109375 0.2666015625 0.0380859375 0.0966796875
1 0.6650390625 0.2998046875 0.025390625 0.1142578125
1 0.091796875 0.341796875 0.044921875 0.11328125
1 0.263671875 0.2744140625 0.029296875 0.08984375
1 0.7412109375 0.294921875 0.0263671875 0.1083984375
1 0.900390625 0.5703125 0.0380859375 0.1513671875
1 0.4677734375 0.2802734375 0.0302734375 0.1298828125
1 0.423828125 0.2314453125 0.0146484375 0.0732421875
1 0.1259765625 0.3828125 0.029296875 0.138671875
0 0.359375 0.2822265625 0.0146484375 0.025390625