1 0.603515625 0.6826171875 0.037109375 0.166015625
1 0.4033203125 0.8388671875 0.05859375 0.2392578125
1 0.6884765625 0.6640625 0.0400390625 0.166015625
1 0.2470703125 0.44921875 0.0302734375 0.08984375
1 0.5244140625 0.41796875 0.0263671875 0.10546875
1 0.619140625 0.3896484375 0.0185546875 0.080078125
1 0.4970703125 0.4404296875 0.029296875 0.1103515625
1 0.5634765625 0.3759765625 0.01953125 0.08203125
1 0.4609375 0.357421875 0.0185546875 0.072265625
1 0.6884765625 0.4267578125 0.01953125 0.0966796875
1 0.6982421875 0.38671875 0.01953125 0.087890625
0 0.6748046875 0.392578125 0.005859375 0.0107421875