1 0.6669921875 0.4609375 0.02734375 0.126953125
1 0.4443359375 0.4150390625 0.0263671875 0.09375
1 0.1064453125 0.765625 0.064453125 0.189453125
1 0.1708984375 0.3916015625 0.0185546875 0.0888671875
1 0.4677734375 0.3525390625 0.02734375 0.07421875
1 0.2890625 0.3662109375 0.0166015625 0.06640625
1 0.30859375 0.3916015625 0.0205078125 0.099609375
1 0.33203125 0.408203125 0.0263671875 0.1015625
1 0.3154296875 0.328125 0.013671875 0.0595703125
0 0.4794921875 0.3818359375 0.009765625 0.017578125
1 0.3154296875 0.3564453125 0.017578125 0.0498046875