1 0.208984375 0.8681640625 0.056640625 0.2236328125
1 0.58203125 0.4990234375 0.0390625 0.08984375
1 0.640625 0.482421875 0.033203125 0.1015625
1 0.8203125 0.478515625 0.0244140625 0.10546875
1 0.3916015625 0.494140625 0.0361328125 0.107421875
1 0.5419921875 0.3984375 0.0341796875 0.0703125
1 0.37890625 0.85546875 0.0478515625 0.1298828125
1 0.03125 0.869140625 0.0556640625 0.2353515625
1 0.34765625 0.5126953125 0.0302734375 0.12890625
1 0.134765625 0.8662109375 0.0498046875 0.22265625
1 0.990234375 0.5615234375 0.01953125 0.12890625
0 0.55859375 0.439453125 0.0107421875 0.01953125
1 0.357421875 0.5302734375 0.03515625 0.134765625