1 0.373046875 0.6552734375 0.04296875 0.14453125
1 0.123046875 0.7265625 0.037109375 0.1552734375
1 0.9052734375 0.623046875 0.0625 0.1630859375
1 0.2060546875 0.6259765625 0.029296875 0.1259765625
1 0.5263671875 0.5703125 0.0244140625 0.115234375
1 0.8603515625 0.4970703125 0.0244140625 0.0986328125
1 0.236328125 0.544921875 0.0263671875 0.10546875
1 0.53125 0.4736328125 0.01953125 0.083984375
1 0.947265625 0.8583984375 0.0478515625 0.162109375
1 0.908203125 0.5732421875 0.0361328125 0.1279296875
0 0.87890625 0.6865234375 0.017578125 0.0419921875