1 0.537109375 0.802734375 0.0390625 0.1923828125
1 0.3916015625 0.578125 0.033203125 0.11328125
1 0.6767578125 0.599609375 0.0302734375 0.123046875
1 0.5810546875 0.5009765625 0.0263671875 0.0927734375
1 0.44140625 0.5625 0.0205078125 0.107421875
1 0.474609375 0.51953125 0.0205078125 0.095703125
1 0.6142578125 0.4912109375 0.025390625 0.107421875
1 0.8681640625 0.560546875 0.0419921875 0.0732421875
1 0.6787109375 0.533203125 0.0224609375 0.107421875
0 0.8466796875 0.5859375 0.01171875 0.0244140625
1 0.619140625 0.4736328125 0.015625 0.072265625