1 0.703125 0.5576171875 0.04296875 0.146484375
1 0.578125 0.9384765625 0.0615234375 0.123046875
1 0.09765625 0.4853515625 0.03125 0.1328125
1 0.7548828125 0.59765625 0.0478515625 0.15234375
1 0.2421875 0.5380859375 0.0498046875 0.1494140625
1 0.5009765625 0.4716796875 0.021484375 0.1220703125
1 0.4267578125 0.890625 0.076171875 0.21875
1 0.0595703125 0.4072265625 0.025390625 0.1044921875
1 0.6865234375 0.423828125 0.0234375 0.103515625
1 0.4921875 0.3720703125 0.025390625 0.076171875
1 0.771484375 0.529296875 0.0419921875 0.1376953125
0 0.279296875 0.578125 0.015625 0.03125