1 0.5009765625 0.7392578125 0.05078125 0.1923828125
1 0.4423828125 0.8134765625 0.048828125 0.1416015625
1 0.5927734375 0.5341796875 0.029296875 0.1142578125
1 0.365234375 0.517578125 0.0380859375 0.095703125
1 0.1826171875 0.5185546875 0.029296875 0.1015625
1 0.736328125 0.53125 0.0244140625 0.12109375
0 0.720703125 0.5556640625 0.0126953125 0.0224609375
1 0.6435546875 0.4384765625 0.0185546875 0.0859375
1 0.435546875 0.46484375 0.02734375 0.0888671875
1 0.3798828125 0.8310546875 0.0390625 0.1865234375
1 0.4111328125 0.4150390625 0.01953125 0.0703125