1 0.236328125 0.6923828125 0.04296875 0.1962890625
1 0.4052734375 0.8134765625 0.044921875 0.234375
1 0.0810546875 0.697265625 0.0400390625 0.169921875
1 0.890625 0.4853515625 0.0361328125 0.1181640625
1 0.783203125 0.4951171875 0.029296875 0.1171875
1 0.3330078125 0.576171875 0.0283203125 0.146484375
1 0.4140625 0.4267578125 0.0244140625 0.1044921875
1 0.7841796875 0.923828125 0.0576171875 0.15234375
1 0.6826171875 0.4091796875 0.0185546875 0.091796875
1 0.1396484375 0.3935546875 0.0166015625 0.0908203125
1 0.3505859375 0.3837890625 0.0185546875 0.078125
1 0.56640625 0.455078125 0.0244140625 0.1142578125
1 0.57421875 0.4404296875 0.025390625 0.1015625