1 0.498046875 0.7509765625 0.0419921875 0.2001953125
1 0.29296875 0.5244140625 0.0380859375 0.1044921875
1 0.154296875 0.5078125 0.0302734375 0.10546875
1 0.5380859375 0.5302734375 0.029296875 0.109375
1 0.7080078125 0.5361328125 0.033203125 0.123046875
1 0.4365234375 0.4541015625 0.0244140625 0.080078125
1 0.638671875 0.435546875 0.0185546875 0.08203125
1 0.37890625 0.83984375 0.037109375 0.1953125
1 0.4365234375 0.8076171875 0.0458984375 0.1259765625
1 0.474609375 0.4169921875 0.017578125 0.064453125
0 0.69140625 0.5712890625 0.0107421875 0.0205078125