1 0.669921875 0.5478515625 0.044921875 0.1923828125
1 0.7734375 0.46875 0.0341796875 0.1630859375
1 0.556640625 0.5966796875 0.044921875 0.1982421875
1 0.1572265625 0.3037109375 0.037109375 0.1123046875
1 0.8515625 0.3359375 0.02734375 0.1142578125
1 0.806640625 0.5634765625 0.0556640625 0.185546875
1 0.7568359375 0.2880859375 0.0302734375 0.0888671875
1 0.37109375 0.2373046875 0.017578125 0.07421875
1 0.1044921875 0.7412109375 0.0498046875 0.1962890625
1 0.6455078125 0.2998046875 0.0234375 0.1064453125
1 0.67578125 0.2861328125 0.017578125 0.091796875
0 0.822265625 0.294921875 0.01171875 0.025390625
1 0.7734375 0.2880859375 0.0146484375 0.0869140625
1 0.759765625 0.2490234375 0.0166015625 0.0380859375