1 0.662109375 0.62109375 0.0439453125 0.1630859375
1 0.9521484375 0.5810546875 0.03515625 0.1474609375
1 0.5205078125 0.455078125 0.021484375 0.0869140625
1 0.3818359375 0.4833984375 0.0263671875 0.0693359375
1 0.19921875 0.48828125 0.02734375 0.1064453125
1 0.216796875 0.7607421875 0.046875 0.1806640625
1 0.353515625 0.4189453125 0.0185546875 0.06640625
1 0.296875 0.4404296875 0.0244140625 0.0771484375
0 0.3291015625 0.466796875 0.0087890625 0.0146484375
1 0.2763671875 0.4521484375 0.01953125 0.0517578125
1 0.2900390625 0.4375 0.017578125 0.0791015625