1 0.3359375 0.78125 0.0546875 0.2080078125
1 0.236328125 0.8720703125 0.0458984375 0.255859375
1 0.14453125 0.91796875 0.0634765625 0.16015625
1 0.396484375 0.4130859375 0.0322265625 0.109375
1 0.255859375 0.43359375 0.025390625 0.1083984375
1 0.806640625 0.4560546875 0.0283203125 0.115234375
1 0.4951171875 0.4169921875 0.0224609375 0.0986328125
1 0.3583984375 0.3974609375 0.0234375 0.099609375
1 0.3291015625 0.40234375 0.0234375 0.099609375
1 0.5927734375 0.373046875 0.0234375 0.078125
1 0.6318359375 0.3984375 0.021484375 0.1025390625
0 0.8037109375 0.4921875 0.0087890625 0.0166015625