1 0.5068359375 0.6904296875 0.0595703125 0.1767578125
1 0.56640625 0.4912109375 0.0458984375 0.11328125
1 0.669921875 0.8076171875 0.0673828125 0.25390625
1 0.8544921875 0.4990234375 0.0390625 0.1455078125
1 0.712890625 0.6572265625 0.033203125 0.17578125
1 0.091796875 0.865234375 0.083984375 0.2109375
1 0.6171875 0.4228515625 0.02734375 0.0888671875
1 0.8125 0.365234375 0.0302734375 0.0888671875
0 0.44921875 0.7099609375 0.0166015625 0.02734375
1 0.86328125 0.43359375 0.03515625 0.130859375
1 0.673828125 0.658203125 0.0439453125 0.19921875