1 0.90234375 0.7021484375 0.0703125 0.2060546875
1 0.6845703125 0.8251953125 0.05078125 0.2509765625
1 0.1875 0.515625 0.0302734375 0.130859375
1 0.3046875 0.4677734375 0.02734375 0.1201171875
1 0.890625 0.4775390625 0.025390625 0.119140625
1 0.3046875 0.89453125 0.044921875 0.1953125
1 0.9658203125 0.4091796875 0.03125 0.0986328125
1 0.361328125 0.396484375 0.0263671875 0.08984375
1 0.43359375 0.4404296875 0.0302734375 0.1044921875
1 0.51171875 0.4951171875 0.025390625 0.1357421875
1 0.6640625 0.408203125 0.0205078125 0.0947265625
0 0.4921875 0.5322265625 0.01171875 0.021484375
1 0.20703125 0.4384765625 0.037109375 0.1142578125