1 0.7587890625 0.80859375 0.0341796875 0.169921875
1 0.11328125 0.576171875 0.0439453125 0.1298828125
1 0.26171875 0.515625 0.03515625 0.1005859375
1 0.0703125 0.533203125 0.033203125 0.095703125
1 0.7607421875 0.556640625 0.0400390625 0.1376953125
1 0.5263671875 0.5107421875 0.02734375 0.08984375
1 0.705078125 0.5537109375 0.02734375 0.08984375
1 0.7666015625 0.4990234375 0.04296875 0.078125
1 0.560546875 0.9111328125 0.044921875 0.138671875
1 0.77734375 0.90625 0.0498046875 0.123046875
1 0.740234375 0.919921875 0.046875 0.1103515625
1 0.6953125 0.958984375 0.060546875 0.08203125