1 0.5322265625 0.75 0.05859375 0.197265625
1 0.193359375 0.4462890625 0.0380859375 0.0859375
1 0.7939453125 0.505859375 0.0322265625 0.1123046875
1 0.6796875 0.513671875 0.0341796875 0.1181640625
1 0.3623046875 0.8662109375 0.0498046875 0.142578125
1 0.447265625 0.8017578125 0.044921875 0.12109375
1 0.1318359375 0.4833984375 0.029296875 0.08984375
1 0.4306640625 0.505859375 0.0224609375 0.08984375
0 0.7626953125 0.5302734375 0.009765625 0.01953125
1 0.6708984375 0.4345703125 0.0234375 0.0849609375
1 0.427734375 0.48046875 0.021484375 0.1025390625