1 0.7861328125 0.8388671875 0.0625 0.24609375
1 0.4150390625 0.640625 0.0400390625 0.154296875
1 0.6826171875 0.87890625 0.0615234375 0.2294921875
1 0.3291015625 0.48828125 0.0419921875 0.1123046875
1 0.2958984375 0.5703125 0.03515625 0.158203125
1 0.9443359375 0.455078125 0.025390625 0.099609375
1 0.0771484375 0.4638671875 0.025390625 0.1025390625
1 0.6591796875 0.439453125 0.0234375 0.0830078125
1 0.580078125 0.4306640625 0.0244140625 0.083984375
1 0.51171875 0.3876953125 0.02734375 0.076171875
0 0.6376953125 0.4755859375 0.0107421875 0.0205078125