1 0.3251953125 0.890625 0.0771484375 0.203125
1 0.6923828125 0.822265625 0.046875 0.2431640625
1 0.904296875 0.70703125 0.048828125 0.2041015625
1 0.53125 0.51953125 0.0322265625 0.1337890625
1 0.2119140625 0.52734375 0.029296875 0.1259765625
1 0.8623046875 0.474609375 0.025390625 0.1142578125
1 0.9619140625 0.4169921875 0.025390625 0.1015625
1 0.3583984375 0.4853515625 0.0263671875 0.123046875
1 0.4072265625 0.412109375 0.0224609375 0.0947265625
1 0.6494140625 0.4013671875 0.0185546875 0.0869140625
1 0.2275390625 0.4482421875 0.03125 0.111328125
0 0.537109375 0.5703125 0.01171875 0.021484375
1 0.3857421875 0.4609375 0.0390625 0.1005859375