1 0.5517578125 0.8935546875 0.0517578125 0.2001953125
1 0.607421875 0.6875 0.0380859375 0.173828125
1 0.7509765625 0.73046875 0.041015625 0.181640625
1 0.41015625 0.6201171875 0.041015625 0.126953125
1 0.84375 0.4375 0.017578125 0.0888671875
1 0.673828125 0.5380859375 0.025390625 0.126953125
1 0.5380859375 0.4873046875 0.04296875 0.0947265625
1 0.595703125 0.4384765625 0.01953125 0.080078125
1 0.6357421875 0.435546875 0.0224609375 0.0703125
1 0.5537109375 0.45703125 0.029296875 0.099609375
0 0.6044921875 0.4697265625 0.0078125 0.0205078125
1 0.6572265625 0.498046875 0.0263671875 0.099609375