1 0.4609375 0.28125 0.03125 0.1103515625
1 0.6376953125 0.2958984375 0.0419921875 0.091796875
1 0.3427734375 0.4248046875 0.029296875 0.1513671875
1 0.2138671875 0.259765625 0.02734375 0.1064453125
1 0.8154296875 0.259765625 0.025390625 0.0986328125
1 0.4306640625 0.3525390625 0.02734375 0.1357421875
1 0.6982421875 0.2880859375 0.0224609375 0.0986328125
1 0.4150390625 0.7529296875 0.0556640625 0.1904296875
1 0.552734375 0.376953125 0.041015625 0.126953125
0 0.5390625 0.412109375 0.0126953125 0.02734375
1 0.5732421875 0.3525390625 0.0546875 0.1123046875