1 0.111328125 0.4267578125 0.0400390625 0.1328125
1 0.0322265625 0.3798828125 0.0458984375 0.1240234375
1 0.6318359375 0.33984375 0.0244140625 0.099609375
1 0.689453125 0.33203125 0.0205078125 0.0986328125
1 0.3759765625 0.3251953125 0.0224609375 0.087890625
1 0.337890625 0.3017578125 0.029296875 0.076171875
1 0.6806640625 0.671875 0.0478515625 0.1103515625
1 0.482421875 0.2919921875 0.021484375 0.0869140625
1 0.7509765625 0.3076171875 0.0166015625 0.0869140625
1 0.287109375 0.322265625 0.0234375 0.095703125
0 0.296875 0.3330078125 0.0107421875 0.017578125