1 0.5224609375 0.9033203125 0.046875 0.193359375
1 0.599609375 0.9384765625 0.04296875 0.1220703125
1 0.5986328125 0.623046875 0.041015625 0.1435546875
1 0.3603515625 0.6875 0.0361328125 0.1826171875
1 0.326171875 0.5185546875 0.0439453125 0.1083984375
1 0.1298828125 0.4404296875 0.0234375 0.091796875
1 0.314453125 0.7509765625 0.03515625 0.1962890625
1 0.40234375 0.505859375 0.0400390625 0.09375
1 0.486328125 0.4482421875 0.029296875 0.0966796875
1 0.59375 0.482421875 0.0322265625 0.1015625
1 0.365234375 0.4541015625 0.025390625 0.0869140625
1 0.390625 0.4609375 0.033203125 0.09765625