1 0.3740234375 0.8837890625 0.0439453125 0.208984375
1 0.5673828125 0.6416015625 0.0458984375 0.11328125
1 0.2001953125 0.5302734375 0.02734375 0.0908203125
1 0.53125 0.5302734375 0.03125 0.0869140625
1 0.052734375 0.880859375 0.05078125 0.2021484375
1 0.4873046875 0.6181640625 0.0322265625 0.11328125
1 0.28515625 0.55078125 0.03125 0.1162109375
1 0.162109375 0.4873046875 0.0244140625 0.087890625
1 0.408203125 0.5048828125 0.0205078125 0.0830078125
0 0.46875 0.630859375 0.0126953125 0.017578125
0 0.5634765625 0.6943359375 0.01953125 0.025390625
1 0.3046875 0.5888671875 0.0361328125 0.1318359375
1 0.296875 0.5126953125 0.025390625 0.0595703125