1 0.349609375 0.6064453125 0.0341796875 0.18359375
1 0.9072265625 0.4765625 0.0439453125 0.1552734375
1 0.2578125 0.3408203125 0.025390625 0.10546875
1 0.4228515625 0.353515625 0.021484375 0.1083984375
1 0.5751953125 0.46484375 0.0302734375 0.1396484375
1 0.6357421875 0.32421875 0.0166015625 0.09375
1 0.728515625 0.3525390625 0.025390625 0.09375
1 0.5380859375 0.376953125 0.0302734375 0.1123046875
1 0.55078125 0.3603515625 0.02734375 0.103515625
1 0.0625 0.4716796875 0.0498046875 0.154296875
0 0.111328125 0.486328125 0.017578125 0.0361328125