1 0.8525390625 0.8447265625 0.052734375 0.240234375
1 0.3427734375 0.5576171875 0.03515625 0.1220703125
1 0.1181640625 0.5087890625 0.029296875 0.109375
1 0.9658203125 0.4775390625 0.029296875 0.0966796875
1 0.4599609375 0.5322265625 0.0283203125 0.10546875
1 0.5732421875 0.513671875 0.0244140625 0.1142578125
1 0.6015625 0.5078125 0.03125 0.1162109375
1 0.720703125 0.8427734375 0.0595703125 0.2080078125
1 0.4853515625 0.4169921875 0.01953125 0.072265625
0 0.5078125 0.5 0.01171875 0.0185546875
1 0.62109375 0.5146484375 0.029296875 0.115234375