1 0.7998046875 0.50390625 0.0380859375 0.12890625
1 0.2705078125 0.396484375 0.033203125 0.111328125
1 0.333984375 0.4267578125 0.03515625 0.095703125
1 0.1015625 0.4404296875 0.037109375 0.1044921875
1 0.7275390625 0.380859375 0.021484375 0.1025390625
1 0.185546875 0.349609375 0.01953125 0.08203125
1 0.3994140625 0.5009765625 0.03125 0.13671875
0 0.16015625 0.4619140625 0.01171875 0.021484375
1 0.130859375 0.435546875 0.041015625 0.1025390625
1 0.0849609375 0.359375 0.03515625 0.107421875
1 0.1494140625 0.7998046875 0.0810546875 0.1259765625
1 0.482421875 0.779296875 0.0537109375 0.1259765625
1 0.572265625 0.9111328125 0.0517578125 0.1259765625
1 0.6279296875 0.935546875 0.0498046875 0.1142578125
1 0.8427734375 0.8447265625 0.083984375 0.125
1 0.73046875 0.9501953125 0.0498046875 0.099609375
1 0.677734375 0.9306640625 0.0458984375 0.1142578125
1 0.90234375 0.95703125 0.0634765625 0.080078125
1 0.9599609375 0.958984375 0.0517578125 0.0810546875