1 0.2373046875 0.6884765625 0.0419921875 0.173828125
1 0.60546875 0.84765625 0.041015625 0.2236328125
1 0.8056640625 0.5322265625 0.0361328125 0.1240234375
1 0.6259765625 0.4658203125 0.02734375 0.1044921875
1 0.6708984375 0.869140625 0.037109375 0.26171875
1 0.505859375 0.4658203125 0.0283203125 0.111328125
1 0.2490234375 0.4501953125 0.025390625 0.103515625
1 0.0439453125 0.5126953125 0.0341796875 0.1298828125
1 0.7744140625 0.935546875 0.0595703125 0.1279296875
1 0.3974609375 0.4638671875 0.0283203125 0.095703125
1 0.3388671875 0.4189453125 0.0244140625 0.0869140625
1 0.4248046875 0.400390625 0.015625 0.0771484375
0 0.6689453125 0.443359375 0.0107421875 0.0244140625
1 0.4072265625 0.4111328125 0.01953125 0.0517578125