1 0.65625 0.6328125 0.0458984375 0.1669921875
1 0.953125 0.591796875 0.0361328125 0.1513671875
1 0.509765625 0.462890625 0.021484375 0.0888671875
1 0.3681640625 0.4921875 0.0263671875 0.0712890625
1 0.1806640625 0.4970703125 0.0283203125 0.109375
1 0.19921875 0.7763671875 0.0478515625 0.185546875
1 0.3388671875 0.4248046875 0.0185546875 0.068359375
1 0.2802734375 0.447265625 0.0244140625 0.0791015625
0 0.3134765625 0.474609375 0.0087890625 0.015625
1 0.259765625 0.458984375 0.01953125 0.0537109375
1 0.2734375 0.4443359375 0.017578125 0.0810546875