1 0.3720703125 0.708984375 0.046875 0.19921875
1 0.447265625 0.6123046875 0.0439453125 0.1552734375
1 0.7216796875 0.7509765625 0.0517578125 0.1796875
1 0.6142578125 0.763671875 0.0517578125 0.23828125
1 0.78125 0.7978515625 0.0693359375 0.2060546875
1 0.16015625 0.5576171875 0.03515625 0.150390625
1 0.5673828125 0.6337890625 0.0341796875 0.1640625
1 0.1201171875 0.57421875 0.0341796875 0.1396484375
1 0.8564453125 0.4140625 0.02734375 0.07421875
1 0.3603515625 0.4072265625 0.01953125 0.095703125
1 0.513671875 0.404296875 0.0244140625 0.09765625
1 0.541015625 0.3642578125 0.01953125 0.080078125
1 0.4384765625 0.8232421875 0.0478515625 0.2041015625
0 0.55078125 0.689453125 0.0146484375 0.029296875