1 0.681640625 0.9140625 0.08203125 0.1708984375
1 0.2919921875 0.865234375 0.0498046875 0.2587890625
1 0.0673828125 0.7421875 0.0517578125 0.2158203125
1 0.462890625 0.5439453125 0.0341796875 0.142578125
1 0.8017578125 0.5517578125 0.03125 0.1337890625
1 0.111328125 0.4951171875 0.02734375 0.12109375
1 0.009765625 0.4345703125 0.01953125 0.1083984375
1 0.646484375 0.5078125 0.0283203125 0.130859375
1 0.5947265625 0.4296875 0.0244140625 0.1005859375
1 0.337890625 0.41796875 0.01953125 0.0927734375
1 0.78515625 0.4677734375 0.033203125 0.1171875
0 0.45703125 0.59765625 0.01171875 0.0224609375
1 0.6171875 0.4814453125 0.041015625 0.1064453125