1 0.3359375 0.4091796875 0.0234375 0.1103515625
1 0.421875 0.373046875 0.0419921875 0.0966796875
1 0.2060546875 0.4267578125 0.03125 0.126953125
1 0.4716796875 0.3037109375 0.0263671875 0.08203125
1 0.7802734375 0.3974609375 0.0322265625 0.1123046875
1 0.853515625 0.6162109375 0.0400390625 0.16796875
1 0.630859375 0.3369140625 0.01953125 0.087890625
1 0.7998046875 0.6416015625 0.0478515625 0.1259765625
1 0.22265625 0.3896484375 0.033203125 0.1103515625
1 0.771484375 0.3212890625 0.0224609375 0.0947265625
1 0.4267578125 0.3349609375 0.0244140625 0.0458984375
0 0.4736328125 0.33984375 0.0126953125 0.015625