1 0.6630859375 0.6025390625 0.033203125 0.173828125
1 0.1337890625 0.4794921875 0.0419921875 0.1474609375
1 0.7490234375 0.3505859375 0.0244140625 0.099609375
1 0.59375 0.36328125 0.0205078125 0.1025390625
1 0.4482421875 0.4677734375 0.0283203125 0.1328125
1 0.3916015625 0.3349609375 0.0166015625 0.0888671875
1 0.3037109375 0.3623046875 0.0244140625 0.0888671875
1 0.4833984375 0.384765625 0.029296875 0.1064453125
1 0.47265625 0.369140625 0.025390625 0.09765625
1 0.935546875 0.474609375 0.0478515625 0.146484375
0 0.888671875 0.4892578125 0.0166015625 0.0341796875