1 0.697265625 0.48828125 0.0576171875 0.1640625
1 0.279296875 0.5712890625 0.05078125 0.1943359375
1 0.1904296875 0.564453125 0.041015625 0.1806640625
1 0.3935546875 0.6103515625 0.0322265625 0.19921875
1 0.376953125 0.259765625 0.0234375 0.095703125
1 0.544921875 0.23828125 0.02734375 0.08984375
1 0.244140625 0.265625 0.0244140625 0.08984375
1 0.291015625 0.2607421875 0.0283203125 0.0947265625
1 0.640625 0.3515625 0.0263671875 0.126953125
1 0.8310546875 0.2626953125 0.02734375 0.0888671875
1 0.7041015625 0.259765625 0.01953125 0.0888671875
0 0.818359375 0.3017578125 0.0107421875 0.0185546875
1 0.396484375 0.306640625 0.0263671875 0.10546875