1 0.7060546875 0.5498046875 0.048828125 0.1435546875
1 0.5966796875 0.7861328125 0.0673828125 0.1376953125
1 0.8154296875 0.662109375 0.0634765625 0.1943359375
1 0.4013671875 0.509765625 0.0283203125 0.142578125
1 0.681640625 0.3828125 0.0263671875 0.0947265625
1 0.2119140625 0.435546875 0.029296875 0.1064453125
1 0.8359375 0.42578125 0.0224609375 0.0966796875
1 0.888671875 0.3681640625 0.0205078125 0.0869140625
1 0.23828125 0.4140625 0.0263671875 0.1015625
1 0.4853515625 0.3935546875 0.0302734375 0.099609375
0 0.80078125 0.45703125 0.013671875 0.0283203125
1 0.4951171875 0.4033203125 0.0224609375 0.107421875