1 0.5771484375 0.5283203125 0.060546875 0.166015625
1 0.369140625 0.388671875 0.046875 0.1337890625
1 0.953125 0.6640625 0.0537109375 0.212890625
1 0.763671875 0.3671875 0.0439453125 0.130859375
1 0.484375 0.349609375 0.0234375 0.12109375
1 0.7216796875 0.41015625 0.041015625 0.123046875
1 0.5078125 0.4541015625 0.033203125 0.14453125
1 0.6767578125 0.7607421875 0.0751953125 0.1572265625
1 0.23046875 0.328125 0.02734375 0.111328125
0 0.21484375 0.3037109375 0.0302734375 0.1005859375
0 0.7041015625 0.458984375 0.0107421875 0.0302734375