1 0.509765625 0.765625 0.052734375 0.2255859375
1 0.4345703125 0.765625 0.0400390625 0.2197265625
1 0.4072265625 0.5244140625 0.0390625 0.1142578125
1 0.8994140625 0.5048828125 0.0400390625 0.115234375
1 0.4560546875 0.546875 0.0390625 0.1181640625
1 0.3681640625 0.4306640625 0.0234375 0.0771484375
1 0.4384765625 0.4404296875 0.0234375 0.0791015625
1 0.48046875 0.3994140625 0.0185546875 0.0732421875
1 0.67578125 0.9150390625 0.0625 0.1591796875
1 0.404296875 0.4345703125 0.01953125 0.0810546875
1 0.3916015625 0.4736328125 0.0439453125 0.091796875