1 0.609375 0.6826171875 0.037109375 0.1669921875
1 0.408203125 0.83984375 0.05859375 0.240234375
1 0.6943359375 0.6640625 0.0400390625 0.1669921875
1 0.2509765625 0.447265625 0.0302734375 0.08984375
1 0.529296875 0.416015625 0.0263671875 0.10546875
1 0.625 0.3876953125 0.0185546875 0.080078125
1 0.501953125 0.439453125 0.029296875 0.1103515625
1 0.5693359375 0.375 0.01953125 0.08203125
1 0.4658203125 0.35546875 0.0185546875 0.0732421875
1 0.6953125 0.4248046875 0.01953125 0.09765625
1 0.7041015625 0.384765625 0.01953125 0.0888671875
0 0.6806640625 0.390625 0.005859375 0.0107421875