1 0.125 0.8759765625 0.0751953125 0.2314453125
1 0.607421875 0.64453125 0.0478515625 0.1474609375
1 0.423828125 0.8037109375 0.0439453125 0.234375
1 0.6640625 0.435546875 0.025390625 0.1025390625
1 0.2529296875 0.4521484375 0.0302734375 0.083984375
1 0.689453125 0.66015625 0.0322265625 0.1611328125
1 0.59375 0.435546875 0.0234375 0.1083984375
1 0.369140625 0.4619140625 0.025390625 0.11328125
1 0.5048828125 0.388671875 0.0185546875 0.087890625
1 0.40625 0.373046875 0.0185546875 0.078125
1 0.61328125 0.3779296875 0.017578125 0.072265625