1 0.4111328125 0.6806640625 0.05859375 0.1845703125
1 0.3564453125 0.4560546875 0.0400390625 0.125
1 0.2998046875 0.625 0.04296875 0.158203125
1 0.7490234375 0.453125 0.0390625 0.1298828125
1 0.8876953125 0.841796875 0.0712890625 0.2666015625
1 0.2548828125 0.3525390625 0.0224609375 0.078125
1 0.759765625 0.3388671875 0.021484375 0.0888671875
1 0.208984375 0.6611328125 0.044921875 0.1826171875
0 0.333984375 0.5009765625 0.0126953125 0.0224609375
1 0.923828125 0.66796875 0.0439453125 0.2333984375
1 0.9462890625 0.5888671875 0.03515625 0.193359375