1 0.521484375 0.701171875 0.0517578125 0.20703125
1 0.251953125 0.5556640625 0.0439453125 0.1572265625
1 0.5927734375 0.482421875 0.037109375 0.111328125
1 0.7607421875 0.40234375 0.03125 0.1142578125
1 0.6435546875 0.3486328125 0.025390625 0.0986328125
1 0.4326171875 0.4384765625 0.03515625 0.1162109375
1 0.7880859375 0.318359375 0.01953125 0.0927734375
1 0.5869140625 0.30078125 0.017578125 0.0830078125
1 0.4833984375 0.60546875 0.044921875 0.1845703125
0 0.5068359375 0.673828125 0.01171875 0.0322265625
1 0.4189453125 0.3623046875 0.025390625 0.09375