1 0.1630859375 0.3896484375 0.0341796875 0.099609375
1 0.9111328125 0.3349609375 0.02734375 0.0986328125
1 0.419921875 0.3212890625 0.03515625 0.095703125
1 0.2734375 0.3505859375 0.02734375 0.11328125
1 0.46875 0.2763671875 0.025390625 0.083984375
1 0.9833984375 0.4111328125 0.03125 0.130859375
1 0.595703125 0.7060546875 0.06640625 0.123046875
1 0.59765625 0.30859375 0.021484375 0.0986328125
1 0.4423828125 0.458984375 0.0341796875 0.126953125
1 0.4365234375 0.287109375 0.0234375 0.0849609375
0 0.2958984375 0.427734375 0.01171875 0.0224609375