1 0.3525390625 0.65234375 0.0439453125 0.1728515625
1 0.1923828125 0.55078125 0.0478515625 0.14453125
1 0.2666015625 0.6796875 0.0400390625 0.17578125
1 0.529296875 0.650390625 0.033203125 0.154296875
1 0.537109375 0.8173828125 0.044921875 0.2236328125
1 0.4765625 0.421875 0.021484375 0.1025390625
1 0.8642578125 0.5126953125 0.0283203125 0.123046875
1 0.7099609375 0.4609375 0.03125 0.0830078125
1 0.625 0.44140625 0.0322265625 0.1103515625
1 0.7490234375 0.4140625 0.021484375 0.08984375
1 0.3154296875 0.3857421875 0.0205078125 0.080078125
1 0.4541015625 0.3759765625 0.015625 0.076171875
0 0.5341796875 0.455078125 0.01171875 0.0166015625