1 0.0546875 0.6181640625 0.0380859375 0.123046875
1 0.5576171875 0.5791015625 0.02734375 0.1083984375
1 0.2744140625 0.529296875 0.01953125 0.09375
1 0.6455078125 0.4833984375 0.0205078125 0.087890625
1 0.73828125 0.5302734375 0.01953125 0.1015625
1 0.7080078125 0.5185546875 0.0263671875 0.0869140625
1 0.4619140625 0.4853515625 0.01953125 0.087890625
1 0.744140625 0.8017578125 0.037109375 0.1640625
1 0.5068359375 0.4541015625 0.0185546875 0.060546875
1 0.0244140625 0.572265625 0.037109375 0.1220703125
0 0.982421875 0.61328125 0.0166015625 0.0302734375