1 0.8759765625 0.677734375 0.052734375 0.1943359375
1 0.7626953125 0.6748046875 0.04296875 0.1826171875
1 0.6572265625 0.4404296875 0.037109375 0.1103515625
1 0.3740234375 0.4326171875 0.0244140625 0.103515625
1 0.5185546875 0.7890625 0.0634765625 0.134765625
1 0.4140625 0.404296875 0.0185546875 0.0859375
1 0.5927734375 0.33984375 0.021484375 0.0732421875
1 0.291015625 0.373046875 0.0244140625 0.083984375
1 0.7060546875 0.3583984375 0.0185546875 0.0732421875
1 0.2734375 0.3828125 0.0244140625 0.0947265625
0 0.5986328125 0.375 0.0107421875 0.0166015625
1 0.677734375 0.38671875 0.029296875 0.0859375