1 0.1103515625 0.7939453125 0.0556640625 0.2470703125
1 0.5927734375 0.517578125 0.0400390625 0.119140625
1 0.1357421875 0.5966796875 0.0400390625 0.14453125
1 0.7158203125 0.4833984375 0.0302734375 0.1103515625
1 0.017578125 0.470703125 0.03515625 0.125
1 0.990234375 0.4755859375 0.01953125 0.111328125
1 0.462890625 0.412109375 0.0322265625 0.0830078125
1 0.79296875 0.4296875 0.0234375 0.0859375
1 0.3095703125 0.4521484375 0.017578125 0.0908203125
1 0.197265625 0.419921875 0.0166015625 0.087890625
1 0.236328125 0.837890625 0.05078125 0.1279296875