1 0.47265625 0.5751953125 0.041015625 0.115234375
1 0.798828125 0.8974609375 0.064453125 0.205078125
1 0.34765625 0.54296875 0.037109375 0.1181640625
1 0.8701171875 0.9091796875 0.0595703125 0.181640625
1 0.5888671875 0.46875 0.025390625 0.0888671875
1 0.29296875 0.462890625 0.0205078125 0.099609375
1 0.5234375 0.47265625 0.0380859375 0.083984375
1 0.9599609375 0.876953125 0.0546875 0.2451171875
1 0.677734375 0.419921875 0.0244140625 0.0751953125
1 0.3681640625 0.474609375 0.037109375 0.1083984375
0 0.548828125 0.501953125 0.0107421875 0.0205078125
1 0.5244140625 0.4658203125 0.0361328125 0.09375