1 0.1220703125 0.4248046875 0.0400390625 0.130859375
1 0.044921875 0.3779296875 0.044921875 0.1220703125
1 0.634765625 0.3388671875 0.0244140625 0.0986328125
1 0.69140625 0.3310546875 0.0205078125 0.09765625
1 0.3828125 0.32421875 0.0224609375 0.0859375
1 0.3447265625 0.3017578125 0.029296875 0.0751953125
1 0.6826171875 0.6650390625 0.0478515625 0.1083984375
1 0.4873046875 0.2919921875 0.0205078125 0.0849609375
1 0.751953125 0.3076171875 0.0166015625 0.0849609375
1 0.294921875 0.3212890625 0.0224609375 0.0947265625
0 0.3046875 0.33203125 0.0107421875 0.017578125