1 0.3388671875 0.455078125 0.0283203125 0.1298828125
1 0.5673828125 0.408203125 0.02734375 0.095703125
1 0.9140625 0.767578125 0.0654296875 0.1953125
1 0.84765625 0.3837890625 0.01953125 0.0908203125
1 0.5439453125 0.34375 0.0283203125 0.076171875
1 0.7265625 0.3583984375 0.0166015625 0.068359375
1 0.70703125 0.3837890625 0.021484375 0.1025390625
1 0.6826171875 0.4013671875 0.02734375 0.1044921875
1 0.7001953125 0.318359375 0.0146484375 0.060546875
0 0.53125 0.3740234375 0.009765625 0.017578125
1 0.7001953125 0.34765625 0.017578125 0.05078125