1 0.3388671875 0.4150390625 0.0234375 0.109375
1 0.423828125 0.37890625 0.041015625 0.0947265625
1 0.2099609375 0.4326171875 0.03125 0.1259765625
1 0.4736328125 0.310546875 0.0263671875 0.0810546875
1 0.7783203125 0.40234375 0.0322265625 0.111328125
1 0.8505859375 0.6201171875 0.0400390625 0.166015625
1 0.630859375 0.34375 0.01953125 0.0869140625
1 0.7978515625 0.64453125 0.0478515625 0.125
1 0.2265625 0.3955078125 0.0322265625 0.109375
1 0.76953125 0.328125 0.0224609375 0.0927734375
1 0.4287109375 0.3408203125 0.0234375 0.0458984375
0 0.474609375 0.345703125 0.0126953125 0.015625