1 0.111328125 0.73828125 0.0869140625 0.2060546875
1 0.0615234375 0.39453125 0.041015625 0.1376953125
1 0.8505859375 0.34375 0.0322265625 0.1181640625
1 0.916015625 0.2578125 0.0341796875 0.1142578125
1 0.60546875 0.3349609375 0.0380859375 0.107421875
1 0.13671875 0.35546875 0.04296875 0.1240234375
1 0.3037109375 0.2734375 0.025390625 0.1064453125
1 0.5693359375 0.3515625 0.033203125 0.1005859375
1 0.7412109375 0.27734375 0.02734375 0.1171875
0 0.5869140625 0.431640625 0.013671875 0.0205078125
1 0.740234375 0.234375 0.02734375 0.076171875