1 0.638671875 0.7734375 0.0478515625 0.2119140625
1 0.33203125 0.67578125 0.0361328125 0.1611328125
1 0.2666015625 0.5166015625 0.029296875 0.13671875
1 0.53125 0.8505859375 0.0478515625 0.2392578125
1 0.7646484375 0.5234375 0.0322265625 0.130859375
1 0.7138671875 0.4765625 0.033203125 0.0859375
1 0.2451171875 0.6982421875 0.0341796875 0.173828125
1 0.548828125 0.431640625 0.0283203125 0.1044921875
1 0.388671875 0.4404296875 0.0244140625 0.10546875
1 0.66796875 0.4130859375 0.0185546875 0.091796875
1 0.3173828125 0.390625 0.01953125 0.0771484375
1 0.3984375 0.3837890625 0.0185546875 0.0830078125