1 0.822265625 0.65625 0.0673828125 0.23828125
1 0.923828125 0.6357421875 0.07421875 0.255859375
1 0.65234375 0.3720703125 0.0537109375 0.1474609375
1 0.583984375 0.34375 0.03515625 0.1416015625
1 0.388671875 0.2373046875 0.025390625 0.1025390625
1 0.5849609375 0.2041015625 0.025390625 0.091796875
1 0.62890625 0.2412109375 0.0283203125 0.09375
1 0.017578125 0.2314453125 0.02734375 0.1015625
1 0.328125 0.20703125 0.0244140625 0.0986328125
1 0.97265625 0.251953125 0.033203125 0.115234375
1 0.2822265625 0.7138671875 0.0615234375 0.13671875
1 0.193359375 0.2578125 0.0244140625 0.1064453125
0 0.330078125 0.2490234375 0.013671875 0.0234375