1 0.41015625 0.8017578125 0.0517578125 0.21484375
1 0.32421875 0.5849609375 0.0634765625 0.12890625
1 0.4931640625 0.4306640625 0.0361328125 0.09765625
1 0.3076171875 0.4638671875 0.0380859375 0.1025390625
1 0.4443359375 0.3876953125 0.0322265625 0.0986328125
1 0.2177734375 0.3779296875 0.025390625 0.083984375
1 0.5986328125 0.4287109375 0.0283203125 0.0966796875
1 0.2060546875 0.7021484375 0.0556640625 0.146484375
0 0.294921875 0.6298828125 0.013671875 0.0234375
1 0.439453125 0.3466796875 0.0234375 0.072265625
1 0.580078125 0.4658203125 0.0341796875 0.12109375