1 0.2177734375 0.8212890625 0.072265625 0.216796875
1 0.44140625 0.81640625 0.044921875 0.23828125
1 0.634765625 0.646484375 0.037109375 0.1484375
1 0.326171875 0.46875 0.0322265625 0.1171875
1 0.7138671875 0.673828125 0.03125 0.181640625
1 0.2626953125 0.4482421875 0.029296875 0.087890625
1 0.6484375 0.455078125 0.033203125 0.123046875
1 0.3857421875 0.3720703125 0.017578125 0.0830078125
1 0.490234375 0.38671875 0.0185546875 0.09375
1 0.6806640625 0.3671875 0.0185546875 0.0654296875
1 0.6201171875 0.365234375 0.013671875 0.0732421875
1 0.40234375 0.8212890625 0.0576171875 0.1474609375
1 0.6552734375 0.4287109375 0.0263671875 0.1103515625