1 0.75 0.6591796875 0.033203125 0.193359375
1 0.5166015625 0.7841796875 0.064453125 0.1376953125
1 0.869140625 0.6513671875 0.0380859375 0.1640625
1 0.5625 0.3974609375 0.0380859375 0.09375
1 0.4541015625 0.4248046875 0.029296875 0.1083984375
1 0.736328125 0.3662109375 0.0283203125 0.076171875
1 0.6953125 0.43359375 0.03515625 0.1171875
0 0.642578125 0.4404296875 0.0107421875 0.01953125
1 0.67578125 0.333984375 0.0234375 0.0791015625
1 0.3056640625 0.3759765625 0.0224609375 0.09765625
1 0.6826171875 0.373046875 0.021484375 0.072265625
1 0.3271484375 0.3642578125 0.0283203125 0.0908203125