1 0.6240234375 0.875 0.04296875 0.205078125
1 0.435546875 0.63671875 0.044921875 0.111328125
1 0.794921875 0.52734375 0.02734375 0.0888671875
1 0.470703125 0.52734375 0.0302734375 0.0849609375
1 0.939453125 0.87109375 0.0498046875 0.1982421875
1 0.513671875 0.6142578125 0.0322265625 0.111328125
1 0.7119140625 0.5478515625 0.0302734375 0.1142578125
1 0.83203125 0.4853515625 0.0244140625 0.0859375
1 0.5908203125 0.5029296875 0.0205078125 0.0810546875
0 0.53125 0.6259765625 0.0126953125 0.017578125
0 0.4384765625 0.6884765625 0.0185546875 0.025390625
1 0.6923828125 0.5859375 0.03515625 0.12890625
1 0.69921875 0.5107421875 0.0244140625 0.0576171875