1 0.8330078125 0.595703125 0.0439453125 0.1337890625
1 0.31640625 0.58203125 0.0341796875 0.1201171875
1 0.46484375 0.529296875 0.0224609375 0.1044921875
1 0.23828125 0.5224609375 0.0234375 0.0986328125
1 0.5576171875 0.513671875 0.025390625 0.0849609375
1 0.18359375 0.5205078125 0.0234375 0.0771484375
1 0.349609375 0.486328125 0.0205078125 0.08203125
1 0.12109375 0.896484375 0.06640625 0.20703125
1 0.291015625 0.478515625 0.025390625 0.076171875
0 0.3173828125 0.4736328125 0.0078125 0.0146484375
1 0.322265625 0.447265625 0.0234375 0.0703125