1 0.8603515625 0.6337890625 0.068359375 0.2412109375
1 0.962890625 0.61328125 0.07421875 0.2587890625
1 0.6884765625 0.3466796875 0.0537109375 0.1484375
1 0.6201171875 0.3173828125 0.03515625 0.1435546875
1 0.421875 0.2099609375 0.025390625 0.1044921875
1 0.62109375 0.17578125 0.0263671875 0.0927734375
1 0.6650390625 0.2138671875 0.0283203125 0.0947265625
1 0.046875 0.203125 0.02734375 0.103515625
1 0.3603515625 0.1796875 0.025390625 0.1005859375
1 0.314453125 0.69140625 0.0625 0.138671875
1 0.224609375 0.23046875 0.0244140625 0.107421875
0 0.3623046875 0.22265625 0.013671875 0.0234375