1 0.8203125 0.8349609375 0.05859375 0.2294921875
1 0.4736328125 0.650390625 0.0380859375 0.14453125
1 0.72265625 0.873046875 0.0576171875 0.21484375
1 0.3935546875 0.5068359375 0.0390625 0.1044921875
1 0.3623046875 0.583984375 0.0322265625 0.1484375
1 0.01953125 0.5224609375 0.0263671875 0.11328125
1 0.966796875 0.4765625 0.0234375 0.09375
1 0.1572265625 0.484375 0.0234375 0.095703125
1 0.701171875 0.4619140625 0.021484375 0.078125
1 0.626953125 0.4541015625 0.0234375 0.0791015625
1 0.5634765625 0.4130859375 0.0263671875 0.0712890625
0 0.681640625 0.4951171875 0.009765625 0.0185546875