1 0.7958984375 0.833984375 0.0703125 0.2841796875
1 0.9091796875 0.6630859375 0.0595703125 0.2431640625
1 0.388671875 0.6630859375 0.0546875 0.205078125
1 0.7568359375 0.4697265625 0.048828125 0.1552734375
1 0.296875 0.6044921875 0.0400390625 0.189453125
1 0.630859375 0.47265625 0.03515625 0.15625
1 0.1123046875 0.4130859375 0.0341796875 0.12109375
1 0.1708984375 0.3291015625 0.0341796875 0.0830078125
1 0.6279296875 0.26171875 0.01953125 0.0908203125
1 0.4501953125 0.7177734375 0.060546875 0.1533203125
1 0.1787109375 0.65625 0.0458984375 0.201171875
0 0.1533203125 0.365234375 0.013671875 0.0234375