1 0.4072265625 0.87109375 0.0576171875 0.2451171875
1 0.076171875 0.44921875 0.03515625 0.1142578125
1 0.619140625 0.7060546875 0.0390625 0.1728515625
1 0.3896484375 0.42578125 0.025390625 0.1064453125
1 0.5966796875 0.47265625 0.0341796875 0.1201171875
1 0.537109375 0.396484375 0.0234375 0.080078125
1 0.6572265625 0.40234375 0.0234375 0.087890625
1 0.7060546875 0.685546875 0.0283203125 0.134765625
1 0.5244140625 0.3583984375 0.0205078125 0.0771484375
1 0.5869140625 0.388671875 0.0205078125 0.068359375
1 0.61328125 0.40625 0.0224609375 0.078125
0 0.580078125 0.4541015625 0.0087890625 0.021484375