1 0.7705078125 0.802734375 0.0458984375 0.2236328125
1 0.673828125 0.84765625 0.0537109375 0.2080078125
1 0.529296875 0.5458984375 0.037109375 0.111328125
1 0.8681640625 0.4619140625 0.0205078125 0.0869140625
1 0.3720703125 0.4931640625 0.029296875 0.1015625
1 0.4638671875 0.43359375 0.021484375 0.083984375
1 0.1865234375 0.4677734375 0.0244140625 0.09765625
1 0.685546875 0.4482421875 0.0283203125 0.0927734375
1 0.4013671875 0.55078125 0.0263671875 0.1181640625
1 0.123046875 0.4541015625 0.021484375 0.083984375
1 0.81640625 0.865234375 0.052734375 0.15625
1 0.5205078125 0.865234375 0.0478515625 0.126953125
1 0.5546875 0.4140625 0.0166015625 0.06640625
0 0.544921875 0.4423828125 0.0068359375 0.0185546875