1 0.8935546875 0.607421875 0.0693359375 0.208984375
1 0.76953125 0.6279296875 0.064453125 0.212890625
1 0.716796875 0.3134765625 0.0322265625 0.1181640625
1 0.84375 0.318359375 0.033203125 0.1201171875
1 0.4462890625 0.2958984375 0.029296875 0.1201171875
1 0.2763671875 0.2529296875 0.0322265625 0.1015625
1 0.248046875 0.3564453125 0.0478515625 0.126953125
1 0.8984375 0.2880859375 0.0283203125 0.1044921875
1 0.1533203125 0.3486328125 0.04296875 0.1318359375
1 0.5224609375 0.2373046875 0.021484375 0.0888671875
1 0.2744140625 0.6826171875 0.0576171875 0.1162109375
0 0.1982421875 0.3662109375 0.015625 0.0263671875