1 0.9375 0.8916015625 0.08203125 0.216796875
1 0.41015625 0.6572265625 0.052734375 0.1611328125
1 0.611328125 0.8310546875 0.0478515625 0.255859375
1 0.3486328125 0.4287109375 0.0283203125 0.1123046875
1 0.796875 0.447265625 0.033203125 0.091796875
1 0.3212890625 0.673828125 0.03515625 0.17578125
1 0.4248046875 0.4287109375 0.025390625 0.1181640625
1 0.669921875 0.45703125 0.0283203125 0.123046875
1 0.5224609375 0.376953125 0.0205078125 0.095703125
1 0.6298828125 0.3603515625 0.0205078125 0.0849609375
1 0.404296875 0.365234375 0.01953125 0.0791015625