1 0.6630859375 0.6494140625 0.046875 0.171875
1 0.96875 0.607421875 0.037109375 0.1552734375
1 0.513671875 0.474609375 0.0224609375 0.091796875
1 0.3671875 0.50390625 0.02734375 0.0732421875
1 0.1748046875 0.509765625 0.029296875 0.1123046875
1 0.1943359375 0.796875 0.0498046875 0.1904296875
1 0.337890625 0.435546875 0.01953125 0.0703125
1 0.2783203125 0.458984375 0.025390625 0.0810546875
0 0.3115234375 0.486328125 0.0087890625 0.015625
1 0.255859375 0.470703125 0.0205078125 0.0546875
1 0.2705078125 0.4560546875 0.0185546875 0.0830078125