1 0.8330078125 0.66015625 0.0625 0.220703125
1 0.9267578125 0.6416015625 0.068359375 0.2373046875
1 0.6748046875 0.3974609375 0.0498046875 0.1357421875
1 0.6123046875 0.37109375 0.0322265625 0.1318359375
1 0.431640625 0.2724609375 0.0234375 0.095703125
1 0.61328125 0.2412109375 0.0244140625 0.0849609375
1 0.6533203125 0.2763671875 0.0263671875 0.0869140625
1 0.087890625 0.2666015625 0.025390625 0.0947265625
1 0.375 0.2451171875 0.0224609375 0.091796875
1 0.97265625 0.2861328125 0.0302734375 0.1064453125
1 0.3330078125 0.7138671875 0.0576171875 0.126953125
1 0.25 0.2919921875 0.0224609375 0.0986328125
0 0.376953125 0.2841796875 0.0126953125 0.021484375