1 0.447265625 0.5205078125 0.04296875 0.12109375
1 0.791015625 0.8759765625 0.0673828125 0.248046875
1 0.3154296875 0.486328125 0.0390625 0.1240234375
1 0.865234375 0.8876953125 0.0625 0.224609375
1 0.5693359375 0.408203125 0.02734375 0.09375
1 0.2578125 0.40234375 0.021484375 0.1044921875
1 0.5009765625 0.412109375 0.0400390625 0.0888671875
1 0.9599609375 0.853515625 0.0576171875 0.2880859375
1 0.6640625 0.357421875 0.025390625 0.0791015625
1 0.3369140625 0.4150390625 0.0390625 0.1142578125
0 0.52734375 0.443359375 0.01171875 0.021484375
1 0.501953125 0.4052734375 0.0380859375 0.099609375