1 0.716796875 0.55078125 0.0595703125 0.177734375
1 0.6005859375 0.5966796875 0.03515625 0.1875
1 0.783203125 0.5654296875 0.0390625 0.1728515625
1 0.8037109375 0.4609375 0.0341796875 0.1328125
1 0.4365234375 0.3759765625 0.0302734375 0.126953125
1 0.3681640625 0.2978515625 0.029296875 0.103515625
1 0.5712890625 0.3291015625 0.0283203125 0.1044921875
1 0.400390625 0.33984375 0.0244140625 0.1142578125
1 0.3291015625 0.2744140625 0.0244140625 0.08984375
1 0.611328125 0.2734375 0.0205078125 0.0966796875
1 0.654296875 0.2587890625 0.0205078125 0.0908203125
1 0.716796875 0.2685546875 0.0166015625 0.0888671875
1 0.0966796875 0.263671875 0.0263671875 0.0947265625
0 0.1123046875 0.302734375 0.0107421875 0.0166015625