1 0.283203125 0.5947265625 0.0595703125 0.171875
1 0.3642578125 0.576171875 0.0517578125 0.169921875
1 0.44921875 0.4619140625 0.0263671875 0.1279296875
1 0.931640625 0.548828125 0.03515625 0.14453125
1 0.82421875 0.408203125 0.025390625 0.099609375
1 0.97265625 0.5263671875 0.0546875 0.158203125
1 0.798828125 0.357421875 0.0234375 0.0927734375
1 0.326171875 0.3369140625 0.0224609375 0.091796875
1 0.5185546875 0.849609375 0.056640625 0.181640625
0 0.0439453125 0.6494140625 0.017578125 0.025390625
1 0.0166015625 0.5859375 0.033203125 0.1650390625