1 0.3525390625 0.896484375 0.044921875 0.20703125
1 0.55078125 0.65234375 0.0478515625 0.1162109375
1 0.1728515625 0.5380859375 0.0283203125 0.0927734375
1 0.513671875 0.5380859375 0.0322265625 0.0888671875
1 0.025390625 0.896484375 0.046875 0.20703125
1 0.46875 0.6279296875 0.033203125 0.1162109375
1 0.2607421875 0.55859375 0.03125 0.119140625
1 0.134765625 0.494140625 0.025390625 0.08984375
1 0.38671875 0.51171875 0.021484375 0.0849609375
0 0.4501953125 0.6416015625 0.0126953125 0.0185546875
0 0.546875 0.7060546875 0.01953125 0.0263671875
1 0.2802734375 0.5986328125 0.037109375 0.134765625
1 0.2734375 0.51953125 0.025390625 0.060546875