1 0.3916015625 0.849609375 0.060546875 0.2529296875
1 0.234375 0.7646484375 0.0556640625 0.22265625
1 0.587890625 0.4228515625 0.0458984375 0.1201171875
1 0.3134765625 0.7197265625 0.0556640625 0.232421875
1 0.669921875 0.4619140625 0.052734375 0.1240234375
1 0.421875 0.6201171875 0.0390625 0.1943359375
1 0.369140625 0.4599609375 0.0263671875 0.12890625
1 0.7646484375 0.39453125 0.0263671875 0.103515625
1 0.103515625 0.384765625 0.025390625 0.1064453125
1 0.7333984375 0.353515625 0.0244140625 0.08984375
0 0.7080078125 0.373046875 0.0166015625 0.017578125