1 0.8408203125 0.5654296875 0.0244140625 0.10546875
1 0.9658203125 0.51953125 0.025390625 0.099609375
1 0.7998046875 0.498046875 0.0244140625 0.0927734375
1 0.232421875 0.515625 0.02734375 0.109375
1 0.6328125 0.4921875 0.02734375 0.099609375
1 0.8974609375 0.8671875 0.0625 0.1982421875
1 0.41015625 0.517578125 0.0244140625 0.1015625
1 0.3828125 0.53515625 0.0234375 0.115234375
1 0.08984375 0.9130859375 0.060546875 0.171875
1 0.9326171875 0.7236328125 0.048828125 0.15625
0 0.5419921875 0.5751953125 0.0087890625 0.015625