1 0.1494140625 0.7099609375 0.06640625 0.1982421875
1 0.6826171875 0.90625 0.06640625 0.1875
1 0.3046875 0.83984375 0.048828125 0.25390625
1 0.12890625 0.5068359375 0.0283203125 0.123046875
1 0.748046875 0.51171875 0.02734375 0.1201171875
1 0.4384765625 0.474609375 0.0283203125 0.1259765625
1 0.6572265625 0.470703125 0.03515625 0.1171875
1 0.2861328125 0.4208984375 0.021484375 0.0966796875
1 0.0126953125 0.416015625 0.0244140625 0.0966796875
1 0.5361328125 0.455078125 0.029296875 0.09765625
1 0.7802734375 0.4560546875 0.01953125 0.1123046875
1 0.6875 0.4169921875 0.01953125 0.0849609375
0 0.544921875 0.5 0.0126953125 0.0185546875