1 0.517578125 0.7421875 0.0654296875 0.1943359375
1 0.58203125 0.5234375 0.05078125 0.1240234375
1 0.6962890625 0.865234375 0.07421875 0.2685546875
1 0.8994140625 0.53125 0.04296875 0.16015625
1 0.7431640625 0.7060546875 0.0361328125 0.193359375
1 0.0615234375 0.908203125 0.091796875 0.18359375
1 0.6376953125 0.4482421875 0.0302734375 0.09765625
1 0.853515625 0.3837890625 0.0341796875 0.09765625
0 0.4541015625 0.763671875 0.0185546875 0.0302734375
1 0.9091796875 0.4599609375 0.0390625 0.1435546875
1 0.7001953125 0.70703125 0.0478515625 0.21875