1 0.7705078125 0.828125 0.0654296875 0.2626953125
1 0.8759765625 0.669921875 0.0556640625 0.224609375
1 0.3935546875 0.669921875 0.05078125 0.189453125
1 0.734375 0.490234375 0.044921875 0.1435546875
1 0.3076171875 0.615234375 0.037109375 0.1748046875
1 0.6171875 0.4931640625 0.033203125 0.14453125
1 0.13671875 0.4384765625 0.03125 0.1123046875
1 0.19140625 0.3603515625 0.03125 0.0771484375
1 0.615234375 0.2978515625 0.0185546875 0.083984375
1 0.4501953125 0.7197265625 0.056640625 0.1416015625
1 0.1982421875 0.6630859375 0.04296875 0.1865234375
0 0.1748046875 0.3935546875 0.0126953125 0.021484375