1 0.376953125 0.865234375 0.0546875 0.173828125
1 0.701171875 0.7021484375 0.0322265625 0.177734375
1 0.7470703125 0.6240234375 0.0380859375 0.14453125
1 0.2431640625 0.5078125 0.0224609375 0.1181640625
1 0.1201171875 0.4423828125 0.025390625 0.0947265625
1 0.552734375 0.482421875 0.025390625 0.10546875
1 0.501953125 0.4794921875 0.0185546875 0.103515625
1 0.453125 0.4423828125 0.017578125 0.0849609375
1 0.3994140625 0.400390625 0.015625 0.0751953125
0 0.1572265625 0.529296875 0.0107421875 0.01953125
1 0.134765625 0.51171875 0.033203125 0.1162109375