1 0.8623046875 0.8037109375 0.05859375 0.2568359375
1 0.6962890625 0.443359375 0.0322265625 0.130859375
1 0.513671875 0.5234375 0.048828125 0.142578125
1 0.2734375 0.3662109375 0.0263671875 0.1015625
1 0.6064453125 0.47265625 0.025390625 0.125
1 0.0576171875 0.341796875 0.029296875 0.103515625
1 0.3974609375 0.349609375 0.0361328125 0.08984375
1 0.333984375 0.3359375 0.02734375 0.08984375
1 0.5703125 0.3544921875 0.02734375 0.0986328125
1 0.6015625 0.3232421875 0.0283203125 0.0966796875
1 0.8046875 0.779296875 0.06640625 0.1435546875
1 0.4619140625 0.7529296875 0.0517578125 0.146484375
0 0.52734375 0.5205078125 0.015625 0.0263671875