1 0.6962890625 0.6484375 0.0361328125 0.19140625
1 0.1142578125 0.5126953125 0.0458984375 0.162109375
1 0.791015625 0.3720703125 0.0263671875 0.1103515625
1 0.619140625 0.3857421875 0.0224609375 0.11328125
1 0.4599609375 0.5009765625 0.03125 0.1455078125
1 0.3974609375 0.3544921875 0.017578125 0.09765625
1 0.30078125 0.3837890625 0.02734375 0.09765625
1 0.4990234375 0.4091796875 0.03125 0.1171875
1 0.486328125 0.3916015625 0.0283203125 0.107421875
1 0.984375 0.5078125 0.03125 0.16015625
0 0.943359375 0.5234375 0.0185546875 0.037109375