1 0.888671875 0.3759765625 0.0478515625 0.1201171875
1 0.8212890625 0.640625 0.0625 0.1416015625
1 0.5419921875 0.3671875 0.0224609375 0.115234375
1 0.685546875 0.3388671875 0.02734375 0.1162109375
1 0.298828125 0.384765625 0.037109375 0.125
1 0.8505859375 0.318359375 0.033203125 0.0927734375
1 0.884765625 0.6142578125 0.0400390625 0.1640625
1 0.5654296875 0.2783203125 0.029296875 0.087890625
1 0.640625 0.3203125 0.0244140625 0.0947265625
1 0.2724609375 0.35546875 0.017578125 0.111328125
0 0.8134765625 0.3603515625 0.01171875 0.0224609375
1 0.587890625 0.283203125 0.0244140625 0.087890625