1 0.421875 0.8623046875 0.0556640625 0.2333984375
1 0.3271484375 0.626953125 0.0693359375 0.1396484375
1 0.51171875 0.4580078125 0.0390625 0.1064453125
1 0.310546875 0.4951171875 0.0419921875 0.111328125
1 0.4580078125 0.4111328125 0.03515625 0.107421875
1 0.2119140625 0.400390625 0.02734375 0.091796875
1 0.6259765625 0.45703125 0.03125 0.1044921875
1 0.19921875 0.75390625 0.060546875 0.1591796875
0 0.2958984375 0.67578125 0.0146484375 0.025390625
1 0.453125 0.3671875 0.025390625 0.078125
1 0.6064453125 0.4970703125 0.037109375 0.1318359375