1 0.556640625 0.5419921875 0.03515625 0.1259765625
1 0.794921875 0.853515625 0.048828125 0.208984375
1 0.4296875 0.4091796875 0.0322265625 0.0888671875
1 0.71484375 0.80078125 0.05078125 0.2197265625
1 0.6044921875 0.4287109375 0.02734375 0.10546875
1 0.8447265625 0.435546875 0.0263671875 0.1005859375
1 0.3515625 0.537109375 0.029296875 0.12109375
1 0.2978515625 0.4443359375 0.0283203125 0.09765625
1 0.1513671875 0.5185546875 0.0400390625 0.125
0 0.5439453125 0.58984375 0.0107421875 0.0263671875
1 0.37109375 0.517578125 0.029296875 0.1298828125
1 0.1513671875 0.5146484375 0.0185546875 0.1416015625