1 0.7333984375 0.7353515625 0.0458984375 0.203125
1 0.796875 0.810546875 0.0595703125 0.1962890625
1 0.2138671875 0.4677734375 0.041015625 0.1064453125
1 0.857421875 0.419921875 0.025390625 0.09765625
1 0.259765625 0.52734375 0.0390625 0.1240234375
1 0.537109375 0.4140625 0.0205078125 0.0947265625
1 0.3974609375 0.4912109375 0.0244140625 0.109375
1 0.5634765625 0.80078125 0.0537109375 0.138671875
1 0.4951171875 0.498046875 0.0263671875 0.1142578125
1 0.423828125 0.3828125 0.025390625 0.0830078125
1 0.611328125 0.9091796875 0.0537109375 0.162109375
1 0.6923828125 0.7138671875 0.04296875 0.208984375
0 0.486328125 0.5400390625 0.0126953125 0.021484375
1 0.2763671875 0.4150390625 0.0302734375 0.0966796875
1 0.2626953125 0.443359375 0.0224609375 0.10546875