1 0.6376953125 0.802734375 0.07421875 0.1669921875
1 0.7802734375 0.80078125 0.05859375 0.21875
1 0.078125 0.47265625 0.0380859375 0.095703125
1 0.388671875 0.5810546875 0.0263671875 0.125
1 0.6943359375 0.8466796875 0.05078125 0.20703125
1 0.423828125 0.5478515625 0.029296875 0.1201171875
1 0.5107421875 0.435546875 0.021484375 0.078125
1 0.36328125 0.4912109375 0.01953125 0.103515625
1 0.6826171875 0.443359375 0.021484375 0.08984375
1 0.9111328125 0.4609375 0.021484375 0.08984375
1 0.1748046875 0.4638671875 0.0146484375 0.09375
1 0.5732421875 0.40234375 0.01953125 0.072265625
1 0.5419921875 0.8583984375 0.046875 0.126953125
0 0.5966796875 0.4541015625 0.0107421875 0.0166015625