1 0.8798828125 0.8759765625 0.056640625 0.248046875
1 0.333984375 0.5712890625 0.0380859375 0.130859375
1 0.0927734375 0.51953125 0.03125 0.1171875
1 0.9931640625 0.486328125 0.013671875 0.103515625
1 0.4599609375 0.544921875 0.0302734375 0.11328125
1 0.5810546875 0.5244140625 0.025390625 0.1220703125
1 0.611328125 0.517578125 0.033203125 0.125
1 0.7392578125 0.8779296875 0.064453125 0.2236328125
1 0.486328125 0.4208984375 0.0205078125 0.0771484375
0 0.5107421875 0.509765625 0.01171875 0.01953125
1 0.6318359375 0.525390625 0.03125 0.1240234375