1 0.7607421875 0.662109375 0.0341796875 0.197265625
1 0.5234375 0.7890625 0.0654296875 0.140625
1 0.8818359375 0.6552734375 0.0390625 0.1669921875
1 0.5703125 0.396484375 0.0390625 0.0947265625
1 0.4599609375 0.423828125 0.0302734375 0.1103515625
1 0.7470703125 0.365234375 0.029296875 0.0771484375
1 0.705078125 0.43359375 0.03515625 0.119140625
0 0.65234375 0.4404296875 0.0107421875 0.01953125
1 0.685546875 0.33203125 0.0234375 0.080078125
1 0.3095703125 0.375 0.0224609375 0.0986328125
1 0.6923828125 0.3720703125 0.0224609375 0.0732421875
1 0.3310546875 0.3623046875 0.0283203125 0.091796875