1 0.8564453125 0.3916015625 0.044921875 0.111328125
1 0.794921875 0.63671875 0.0576171875 0.1318359375
1 0.5361328125 0.3837890625 0.0205078125 0.1064453125
1 0.6689453125 0.357421875 0.025390625 0.107421875
1 0.310546875 0.3994140625 0.0341796875 0.1162109375
1 0.822265625 0.3388671875 0.0302734375 0.0859375
1 0.853515625 0.6123046875 0.037109375 0.1513671875
1 0.5576171875 0.30078125 0.02734375 0.0810546875
1 0.626953125 0.33984375 0.0224609375 0.087890625
1 0.2861328125 0.373046875 0.0166015625 0.1025390625
0 0.7880859375 0.376953125 0.0107421875 0.0205078125
1 0.578125 0.3056640625 0.0224609375 0.0810546875