1 0.6181640625 0.8466796875 0.05859375 0.2060546875
1 0.0166015625 0.9228515625 0.033203125 0.154296875
1 0.423828125 0.763671875 0.041015625 0.1669921875
1 0.861328125 0.7412109375 0.0458984375 0.1689453125
1 0.0869140625 0.7568359375 0.048828125 0.1650390625
1 0.2080078125 0.62109375 0.037109375 0.12890625
1 0.462890625 0.5595703125 0.0205078125 0.09765625
1 0.083984375 0.568359375 0.0224609375 0.1005859375
1 0.333984375 0.5224609375 0.0185546875 0.076171875
0 0.1953125 0.7763671875 0.0224609375 0.033203125
1 0.1123046875 0.77734375 0.0625 0.1806640625