1 0.21875 0.666015625 0.0419921875 0.17578125
1 0.591796875 0.826171875 0.041015625 0.2265625
1 0.7939453125 0.5078125 0.0361328125 0.1259765625
1 0.6123046875 0.4404296875 0.02734375 0.1064453125
1 0.6572265625 0.8505859375 0.0361328125 0.2666015625
1 0.490234375 0.4404296875 0.0283203125 0.1123046875
1 0.2314453125 0.4248046875 0.0263671875 0.1044921875
1 0.0234375 0.4873046875 0.03515625 0.1318359375
1 0.7626953125 0.9248046875 0.060546875 0.150390625
1 0.3818359375 0.4384765625 0.029296875 0.0966796875
1 0.322265625 0.3935546875 0.0244140625 0.087890625
1 0.408203125 0.3740234375 0.0166015625 0.078125
0 0.65625 0.4189453125 0.0107421875 0.0244140625
1 0.390625 0.384765625 0.01953125 0.052734375