1 0.7158203125 0.5869140625 0.0361328125 0.1552734375
1 0.4501953125 0.4892578125 0.0263671875 0.1220703125
1 0.81640625 0.8837890625 0.0703125 0.2236328125
1 0.8681640625 0.4404296875 0.0302734375 0.1044921875
1 0.03515625 0.404296875 0.0263671875 0.1044921875
1 0.556640625 0.4052734375 0.0302734375 0.0908203125
1 0.623046875 0.373046875 0.02734375 0.083984375
1 0.875 0.78125 0.064453125 0.2197265625
1 0.2880859375 0.3837890625 0.025390625 0.0810546875
1 0.5087890625 0.3837890625 0.021484375 0.08203125
1 0.2666015625 0.40625 0.0205078125 0.09765625
0 0.51171875 0.5380859375 0.013671875 0.0244140625