1 0.4833984375 0.7314453125 0.0478515625 0.203125
1 0.5517578125 0.73046875 0.0361328125 0.1982421875
1 0.576171875 0.513671875 0.03515625 0.1025390625
1 0.1328125 0.49609375 0.0361328125 0.103515625
1 0.5322265625 0.5341796875 0.03515625 0.1064453125
1 0.611328125 0.4287109375 0.021484375 0.0693359375
1 0.5478515625 0.4384765625 0.021484375 0.0712890625
1 0.509765625 0.4013671875 0.0166015625 0.0654296875
1 0.3349609375 0.865234375 0.056640625 0.1435546875
1 0.5791015625 0.4326171875 0.017578125 0.0732421875
1 0.5908203125 0.4677734375 0.0400390625 0.08203125