1 0.80859375 0.8955078125 0.060546875 0.2080078125
1 0.5830078125 0.939453125 0.0517578125 0.1201171875
1 0.486328125 0.6552734375 0.0390625 0.1318359375
1 0.8125 0.556640625 0.029296875 0.0927734375
1 0.2568359375 0.5224609375 0.0244140625 0.0869140625
1 0.185546875 0.474609375 0.01953125 0.087890625
1 0.6796875 0.4951171875 0.0185546875 0.07421875
1 0.330078125 0.4970703125 0.01953125 0.0947265625
1 0.779296875 0.478515625 0.01953125 0.07421875
1 0.546875 0.4697265625 0.025390625 0.078125
1 0.4091796875 0.447265625 0.0185546875 0.0732421875
0 0.55859375 0.5048828125 0.01171875 0.0146484375