1 0.328125 0.7841796875 0.0546875 0.201171875
1 0.5302734375 0.626953125 0.0458984375 0.140625
1 0.5537109375 0.912109375 0.046875 0.1748046875
1 0.2880859375 0.671875 0.0361328125 0.1787109375
1 0.025390625 0.4423828125 0.029296875 0.095703125
1 0.22265625 0.4853515625 0.033203125 0.1064453125
1 0.388671875 0.4921875 0.029296875 0.1064453125
1 0.3212890625 0.484375 0.033203125 0.103515625
1 0.60546875 0.4794921875 0.0185546875 0.103515625
1 0.3974609375 0.4296875 0.0244140625 0.095703125
1 0.3076171875 0.4609375 0.029296875 0.0927734375
0 0.3759765625 0.533203125 0.0078125 0.02734375