1 0.5458984375 0.89453125 0.052734375 0.2041015625
1 0.6025390625 0.68359375 0.0390625 0.177734375
1 0.75 0.7275390625 0.0419921875 0.185546875
1 0.40234375 0.615234375 0.0419921875 0.1298828125
1 0.8447265625 0.427734375 0.0185546875 0.0908203125
1 0.671875 0.53125 0.0263671875 0.1298828125
1 0.5322265625 0.4794921875 0.0439453125 0.0966796875
1 0.591796875 0.4296875 0.0205078125 0.08203125
1 0.6328125 0.4267578125 0.0234375 0.072265625
1 0.548828125 0.44921875 0.029296875 0.1025390625
0 0.6005859375 0.4609375 0.0078125 0.021484375
1 0.654296875 0.490234375 0.02734375 0.1015625