1 0.6162109375 0.8837890625 0.0537109375 0.201171875
1 0.8251953125 0.5341796875 0.0322265625 0.123046875
1 0.181640625 0.669921875 0.0380859375 0.1513671875
1 0.6279296875 0.5244140625 0.037109375 0.1083984375
1 0.1396484375 0.591796875 0.02734375 0.1162109375
1 0.568359375 0.5302734375 0.0263671875 0.111328125
1 0.5009765625 0.4462890625 0.0341796875 0.0703125
1 0.3505859375 0.47265625 0.0205078125 0.095703125
1 0.85546875 0.451171875 0.017578125 0.08984375
1 0.568359375 0.4169921875 0.0205078125 0.0703125
0 0.5693359375 0.4521484375 0.0107421875 0.0224609375