1 0.94140625 0.6259765625 0.044921875 0.1494140625
1 0.087890625 0.8779296875 0.041015625 0.2158203125
1 0.291015625 0.6572265625 0.0419921875 0.150390625
1 0.119140625 0.5634765625 0.0322265625 0.1103515625
1 0.435546875 0.5634765625 0.0263671875 0.11328125
1 0.2294921875 0.4951171875 0.0244140625 0.076171875
1 0.0615234375 0.5751953125 0.037109375 0.091796875
1 0.2529296875 0.5537109375 0.01953125 0.1025390625
1 0.369140625 0.9267578125 0.044921875 0.134765625
1 0.09375 0.544921875 0.02734375 0.095703125
0 0.2158203125 0.4921875 0.009765625 0.0263671875
1 0.27734375 0.634765625 0.029296875 0.1396484375