1 0.6328125 0.76171875 0.05078125 0.1875
1 0.443359375 0.615234375 0.04296875 0.130859375
1 0.421875 0.8974609375 0.0439453125 0.1953125
1 0.669921875 0.6572265625 0.0341796875 0.1669921875
1 0.9150390625 0.443359375 0.02734375 0.0888671875
1 0.7314453125 0.4833984375 0.0302734375 0.0986328125
1 0.576171875 0.490234375 0.02734375 0.0986328125
1 0.638671875 0.482421875 0.03125 0.0966796875
1 0.3740234375 0.4775390625 0.017578125 0.0966796875
1 0.5673828125 0.431640625 0.0234375 0.0888671875
1 0.65234375 0.4609375 0.02734375 0.0859375
0 0.587890625 0.5283203125 0.0068359375 0.025390625