1 0.962890625 0.69921875 0.0673828125 0.1787109375
1 0.6201171875 0.5888671875 0.0302734375 0.1455078125
1 0.1201171875 0.7666015625 0.0673828125 0.173828125
1 0.162109375 0.5029296875 0.03125 0.1015625
1 0.76953125 0.4814453125 0.02734375 0.1064453125
1 0.388671875 0.513671875 0.025390625 0.10546875
1 0.9462890625 0.412109375 0.02734375 0.0849609375
1 0.6396484375 0.380859375 0.0234375 0.0634765625
1 0.5888671875 0.4609375 0.0205078125 0.091796875
1 0.3134765625 0.435546875 0.0244140625 0.08984375
1 0.4521484375 0.4306640625 0.01953125 0.0908203125
0 0.748046875 0.5185546875 0.013671875 0.025390625