1 0.193359375 0.6044921875 0.080078125 0.177734375
1 0.1865234375 0.8837890625 0.0751953125 0.232421875
1 0.4345703125 0.3544921875 0.0400390625 0.109375
1 0.125 0.78125 0.0546875 0.251953125
1 0.1474609375 0.3935546875 0.0244140625 0.1123046875
1 0.7958984375 0.3818359375 0.021484375 0.109375
1 0.6640625 0.4130859375 0.0283203125 0.099609375
1 0.5205078125 0.34375 0.01953125 0.0888671875
1 0.755859375 0.3544921875 0.021484375 0.0859375
1 0.5380859375 0.8955078125 0.0439453125 0.2021484375
0 0.4716796875 0.4248046875 0.0166015625 0.0224609375
1 0.4287109375 0.3154296875 0.0244140625 0.0673828125