1 0.2958984375 0.48828125 0.0556640625 0.158203125
1 0.6982421875 0.568359375 0.048828125 0.1875
1 0.783203125 0.5625 0.0400390625 0.173828125
1 0.587890625 0.6064453125 0.0302734375 0.19140625
1 0.6044921875 0.2685546875 0.0224609375 0.0927734375
1 0.4423828125 0.248046875 0.0263671875 0.0859375
1 0.732421875 0.2744140625 0.0234375 0.0859375
1 0.6865234375 0.26953125 0.02734375 0.091796875
1 0.349609375 0.357421875 0.025390625 0.1220703125
1 0.166015625 0.271484375 0.0263671875 0.0849609375
1 0.2890625 0.2685546875 0.01953125 0.0849609375
0 0.1787109375 0.30859375 0.009765625 0.017578125
1 0.5849609375 0.314453125 0.025390625 0.1015625