1 0.77734375 0.6123046875 0.041015625 0.173828125
1 0.4794921875 0.501953125 0.029296875 0.13671875
1 0.888671875 0.9091796875 0.078125 0.181640625
1 0.947265625 0.447265625 0.0341796875 0.1171875
1 0.015625 0.4072265625 0.029296875 0.1171875
1 0.5986328125 0.4091796875 0.0341796875 0.1015625
1 0.673828125 0.3720703125 0.03125 0.0947265625
1 0.955078125 0.8291015625 0.0712890625 0.24609375
1 0.298828125 0.384765625 0.0283203125 0.0908203125
1 0.5458984375 0.384765625 0.0244140625 0.0927734375
1 0.2744140625 0.4091796875 0.0234375 0.109375
0 0.548828125 0.556640625 0.0146484375 0.02734375