1 0.7177734375 0.73046875 0.0380859375 0.16796875
1 0.216796875 0.4599609375 0.0380859375 0.095703125
1 0.0458984375 0.462890625 0.03515625 0.1005859375
1 0.5087890625 0.439453125 0.0234375 0.0966796875
1 0.4326171875 0.3984375 0.0244140625 0.0712890625
1 0.3486328125 0.4755859375 0.033203125 0.0908203125
1 0.8720703125 0.4365234375 0.0234375 0.0849609375
1 0.2890625 0.4169921875 0.02734375 0.0712890625
0 0.2666015625 0.453125 0.009765625 0.017578125
1 0.314453125 0.3974609375 0.017578125 0.0771484375
1 0.310546875 0.4248046875 0.0380859375 0.076171875