1 0.62109375 0.58203125 0.0400390625 0.1201171875
1 0.521484375 0.8427734375 0.048828125 0.1953125
1 0.48046875 0.53125 0.046875 0.130859375
1 0.4404296875 0.4912109375 0.029296875 0.10546875
1 0.5673828125 0.544921875 0.0322265625 0.099609375
1 0.3857421875 0.4462890625 0.0224609375 0.083984375
1 0.6484375 0.48828125 0.0244140625 0.080078125
1 0.3291015625 0.4912109375 0.02734375 0.0859375
1 0.3515625 0.828125 0.0751953125 0.19140625
0 0.5302734375 0.6015625 0.0146484375 0.02734375
1 0.5478515625 0.47265625 0.0263671875 0.083984375
1 0.48046875 0.5009765625 0.029296875 0.0869140625