1 0.875 0.5126953125 0.046875 0.173828125
1 0.2216796875 0.44140625 0.03515625 0.1455078125
1 0.8330078125 0.404296875 0.0390625 0.1357421875
1 0.791015625 0.517578125 0.046875 0.17578125
1 0.255859375 0.3974609375 0.0322265625 0.1337890625
1 0.953125 0.296875 0.0322265625 0.1220703125
1 0.75390625 0.5341796875 0.037109375 0.16015625
1 0.4306640625 0.296875 0.0283203125 0.109375
1 0.6611328125 0.3046875 0.021484375 0.091796875
1 0.548828125 0.7529296875 0.056640625 0.162109375
0 0.7685546875 0.5224609375 0.013671875 0.0302734375