1 0.7431640625 0.486328125 0.0283203125 0.1240234375
1 0.9873046875 0.48046875 0.0244140625 0.12890625
1 0.29296875 0.71875 0.0390625 0.1494140625
1 0.48828125 0.4208984375 0.03125 0.076171875
1 0.123046875 0.427734375 0.0234375 0.0859375
1 0.55859375 0.466796875 0.02734375 0.1083984375
1 0.4638671875 0.3876953125 0.0185546875 0.07421875
1 0.6064453125 0.36328125 0.01953125 0.068359375
1 0.5498046875 0.4189453125 0.0224609375 0.0830078125
1 0.552734375 0.37890625 0.021484375 0.0693359375
0 0.60546875 0.39453125 0.0126953125 0.0185546875