1 0.1865234375 0.6259765625 0.0751953125 0.1669921875
1 0.1806640625 0.888671875 0.0703125 0.2197265625
1 0.4130859375 0.3916015625 0.037109375 0.1025390625
1 0.1220703125 0.791015625 0.0517578125 0.2353515625
1 0.14453125 0.427734375 0.0224609375 0.10546875
1 0.96484375 0.4033203125 0.0302734375 0.1025390625
1 0.751953125 0.4169921875 0.01953125 0.1025390625
1 0.6279296875 0.447265625 0.0263671875 0.0927734375
1 0.494140625 0.380859375 0.0185546875 0.0830078125
1 0.7138671875 0.3916015625 0.0205078125 0.080078125
1 0.509765625 0.8984375 0.041015625 0.189453125
0 0.447265625 0.45703125 0.015625 0.0205078125
1 0.4072265625 0.35546875 0.0234375 0.0625