1 0.9423828125 0.7021484375 0.06640625 0.1611328125
1 0.0654296875 0.7744140625 0.0556640625 0.1982421875
1 0.6328125 0.57421875 0.0322265625 0.1455078125
1 0.1259765625 0.4931640625 0.03125 0.1025390625
1 0.7998046875 0.4775390625 0.0224609375 0.111328125
1 0.6630859375 0.384765625 0.025390625 0.0712890625
1 0.248046875 0.4296875 0.025390625 0.087890625
1 0.34375 0.5107421875 0.0244140625 0.1044921875
1 0.537109375 0.439453125 0.0224609375 0.0908203125
1 0.9541015625 0.4130859375 0.0302734375 0.083984375
1 0.4697265625 0.412109375 0.0166015625 0.064453125
0 0.7685546875 0.5185546875 0.0107421875 0.0185546875