1 0.732421875 0.5234375 0.044921875 0.1962890625
1 0.6572265625 0.5576171875 0.04296875 0.2021484375
1 0.5419921875 0.4169921875 0.046875 0.14453125
1 0.2822265625 0.4208984375 0.03515625 0.1572265625
1 0.4697265625 0.4013671875 0.0341796875 0.154296875
1 0.318359375 0.279296875 0.037109375 0.1025390625
1 0.6455078125 0.2841796875 0.0224609375 0.123046875
1 0.4404296875 0.265625 0.0185546875 0.0986328125
1 0.7724609375 0.2333984375 0.0244140625 0.09765625
1 0.8115234375 0.296875 0.0224609375 0.1142578125
1 0.8232421875 0.4169921875 0.03515625 0.1298828125
0 0.3291015625 0.326171875 0.015625 0.0224609375