1 0.8017578125 0.6953125 0.05078125 0.197265625
1 0.6201171875 0.8203125 0.0556640625 0.1416015625
1 0.3740234375 0.4873046875 0.0341796875 0.1162109375
1 0.6689453125 0.8310546875 0.048828125 0.23828125
1 0.8134765625 0.5263671875 0.0263671875 0.123046875
1 0.9443359375 0.4248046875 0.0263671875 0.091796875
1 0.255859375 0.5166015625 0.0341796875 0.0869140625
1 0.205078125 0.474609375 0.0244140625 0.1025390625
1 0.5615234375 0.466796875 0.0263671875 0.111328125
1 0.3037109375 0.4326171875 0.0205078125 0.0830078125
1 0.697265625 0.4228515625 0.0205078125 0.0888671875
1 0.48046875 0.45703125 0.0205078125 0.0986328125
0 0.4658203125 0.501953125 0.01171875 0.0224609375