1 0.56640625 0.6181640625 0.04296875 0.1982421875
1 0.15625 0.4697265625 0.0419921875 0.1455078125
1 0.72265625 0.30859375 0.03125 0.1005859375
1 0.556640625 0.3857421875 0.037109375 0.1142578125
1 0.5166015625 0.453125 0.0322265625 0.1279296875
1 0.7822265625 0.4140625 0.0224609375 0.13671875
1 0.46875 0.287109375 0.0205078125 0.0849609375
0 0.7607421875 0.45703125 0.0146484375 0.0263671875
1 0.39453125 0.400390625 0.0283203125 0.115234375
1 0.4013671875 0.3876953125 0.01953125 0.1025390625
1 0.3916015625 0.3349609375 0.0244140625 0.0849609375