1 0.916015625 0.7119140625 0.0380859375 0.169921875
1 0.4033203125 0.509765625 0.0263671875 0.0888671875
1 0.46875 0.490234375 0.01953125 0.080078125
1 0.6123046875 0.482421875 0.0185546875 0.0888671875
1 0.1767578125 0.5009765625 0.021484375 0.08203125
1 0.251953125 0.5400390625 0.0244140625 0.1064453125
1 0.353515625 0.6103515625 0.060546875 0.12109375
1 0.142578125 0.8447265625 0.048828125 0.19140625
0 0.3095703125 0.6591796875 0.0107421875 0.0185546875
1 0.3369140625 0.6220703125 0.0458984375 0.1376953125
1 0.2470703125 0.482421875 0.021484375 0.052734375