1 0.890625 0.7568359375 0.0869140625 0.205078125
1 0.9404296875 0.4140625 0.041015625 0.13671875
1 0.1552734375 0.36328125 0.0322265625 0.1171875
1 0.0908203125 0.2783203125 0.0341796875 0.11328125
1 0.3994140625 0.35546875 0.0380859375 0.1064453125
1 0.865234375 0.3759765625 0.04296875 0.123046875
1 0.7001953125 0.294921875 0.025390625 0.10546875
1 0.435546875 0.37109375 0.033203125 0.099609375
1 0.2646484375 0.2978515625 0.0263671875 0.1162109375
0 0.41796875 0.4521484375 0.013671875 0.0205078125
1 0.265625 0.255859375 0.02734375 0.0751953125