1 0.9814453125 0.33203125 0.037109375 0.1240234375
1 0.8828125 0.384765625 0.0419921875 0.1337890625
1 0.3564453125 0.294921875 0.0263671875 0.1015625
1 0.5107421875 0.2470703125 0.029296875 0.0908203125
1 0.2841796875 0.2919921875 0.0224609375 0.1044921875
1 0.6708984375 0.3037109375 0.029296875 0.0966796875
1 0.2236328125 0.265625 0.0166015625 0.091796875
1 0.5849609375 0.255859375 0.0224609375 0.0693359375
1 0.5419921875 0.2666015625 0.0263671875 0.07421875
1 0.30078125 0.65625 0.0498046875 0.115234375
0 0.6318359375 0.2734375 0.01171875 0.017578125