1 0.265625 0.5361328125 0.0537109375 0.2060546875
1 0.1845703125 0.5400390625 0.0400390625 0.181640625
1 0.6416015625 0.3876953125 0.0419921875 0.146484375
1 0.3955078125 0.58203125 0.029296875 0.2099609375
1 0.6015625 0.3037109375 0.03125 0.1171875
1 0.2529296875 0.2177734375 0.0224609375 0.0927734375
1 0.70703125 0.2236328125 0.025390625 0.09375
1 0.3896484375 0.2861328125 0.0205078125 0.115234375
1 0.3232421875 0.203125 0.021484375 0.0908203125
1 0.572265625 0.220703125 0.029296875 0.103515625
1 0.8818359375 0.2158203125 0.033203125 0.0927734375
0 0.8701171875 0.26171875 0.01171875 0.0185546875
1 0.38671875 0.205078125 0.0205078125 0.091796875