1 0.69921875 0.8154296875 0.0517578125 0.2099609375
1 0.5810546875 0.787109375 0.046875 0.205078125
1 0.0673828125 0.546875 0.0302734375 0.1376953125
1 0.48046875 0.5302734375 0.033203125 0.1171875
1 0.330078125 0.5595703125 0.052734375 0.126953125
1 0.4521484375 0.9150390625 0.064453125 0.1494140625
1 0.5283203125 0.4716796875 0.033203125 0.0966796875
1 0.564453125 0.423828125 0.0166015625 0.0791015625
1 0.689453125 0.4560546875 0.0166015625 0.0810546875
1 0.34375 0.505859375 0.0205078125 0.08984375
1 0.3427734375 0.48046875 0.0380859375 0.1025390625
1 0.6787109375 0.4921875 0.0263671875 0.1044921875