1 0.4443359375 0.775390625 0.064453125 0.2158203125
1 0.8154296875 0.4453125 0.0419921875 0.09375
1 0.1591796875 0.509765625 0.03515625 0.1220703125
1 0.2841796875 0.5185546875 0.037109375 0.1298828125
1 0.630859375 0.904296875 0.0537109375 0.15625
1 0.537109375 0.83203125 0.048828125 0.1328125
1 0.8828125 0.4853515625 0.0322265625 0.0986328125
1 0.5556640625 0.509765625 0.025390625 0.09765625
0 0.1923828125 0.5361328125 0.009765625 0.021484375
1 0.29296875 0.431640625 0.025390625 0.0927734375
1 0.5595703125 0.482421875 0.0234375 0.1123046875