1 0.3134765625 0.58984375 0.0380859375 0.130859375
1 0.4248046875 0.935546875 0.0556640625 0.12109375
1 0.8544921875 0.5263671875 0.0283203125 0.1181640625
1 0.2666015625 0.6259765625 0.04296875 0.1357421875
1 0.7255859375 0.5732421875 0.0439453125 0.1337890625
1 0.4931640625 0.513671875 0.01953125 0.109375
1 0.560546875 0.888671875 0.068359375 0.1982421875
1 0.8876953125 0.4560546875 0.0224609375 0.09375
1 0.328125 0.4716796875 0.021484375 0.0927734375
1 0.501953125 0.4248046875 0.0224609375 0.0673828125
1 0.251953125 0.5654296875 0.037109375 0.123046875
0 0.6923828125 0.6083984375 0.013671875 0.0283203125