1 0.3984375 0.7587890625 0.033203125 0.2041015625
1 0.984375 0.7431640625 0.03125 0.1796875
1 0.3359375 0.677734375 0.03515625 0.15625
1 0.904296875 0.5185546875 0.0419921875 0.099609375
1 0.5048828125 0.5166015625 0.0263671875 0.1220703125
1 0.85546875 0.525390625 0.02734375 0.1005859375
1 0.5341796875 0.5146484375 0.021484375 0.111328125
1 0.607421875 0.482421875 0.02734375 0.08203125
1 0.646484375 0.9248046875 0.0673828125 0.1494140625
1 0.6259765625 0.43359375 0.0263671875 0.08203125
1 0.923828125 0.4736328125 0.03515625 0.099609375
0 0.7724609375 0.5078125 0.013671875 0.0263671875