1 0.23046875 0.8056640625 0.046875 0.228515625
1 0.330078125 0.8515625 0.0556640625 0.212890625
1 0.4775390625 0.5439453125 0.0380859375 0.11328125
1 0.1318359375 0.45703125 0.0205078125 0.0888671875
1 0.6376953125 0.4892578125 0.0302734375 0.103515625
1 0.5439453125 0.4287109375 0.0224609375 0.0859375
1 0.8271484375 0.4638671875 0.0244140625 0.099609375
1 0.318359375 0.443359375 0.0283203125 0.0947265625
1 0.6083984375 0.5478515625 0.0263671875 0.12109375
1 0.892578125 0.44921875 0.0224609375 0.0859375
1 0.18359375 0.869140625 0.0546875 0.16015625
1 0.486328125 0.869140625 0.048828125 0.1298828125
1 0.451171875 0.408203125 0.0166015625 0.068359375
0 0.4609375 0.4375 0.0068359375 0.01953125