1 0.412109375 0.859375 0.0400390625 0.224609375
1 0.4775390625 0.8291015625 0.0478515625 0.205078125
1 0.9140625 0.6826171875 0.0390625 0.1689453125
1 0.3251953125 0.91796875 0.056640625 0.1640625
1 0.265625 0.513671875 0.0302734375 0.107421875
1 0.5498046875 0.4677734375 0.0283203125 0.1064453125
1 0.7822265625 0.453125 0.033203125 0.1064453125
1 0.71875 0.419921875 0.0244140625 0.0869140625
1 0.4140625 0.43359375 0.021484375 0.0849609375
1 0.5869140625 0.4560546875 0.025390625 0.083984375
1 0.6083984375 0.3994140625 0.015625 0.0751953125
1 0.5791015625 0.4169921875 0.0185546875 0.0751953125
0 0.3427734375 0.431640625 0.01171875 0.0146484375