1 0.6728515625 0.544921875 0.0458984375 0.1962890625
1 0.77734375 0.4638671875 0.0341796875 0.166015625
1 0.5576171875 0.59375 0.0458984375 0.201171875
1 0.1513671875 0.296875 0.0380859375 0.1142578125
1 0.8564453125 0.3291015625 0.0283203125 0.1162109375
1 0.8115234375 0.5615234375 0.0556640625 0.1884765625
1 0.7607421875 0.28125 0.03125 0.08984375
1 0.369140625 0.228515625 0.017578125 0.0751953125
1 0.0986328125 0.7421875 0.0498046875 0.19921875
1 0.6474609375 0.2919921875 0.0234375 0.1083984375
1 0.6787109375 0.2783203125 0.017578125 0.0927734375
0 0.8271484375 0.2880859375 0.01171875 0.025390625
1 0.77734375 0.2802734375 0.0146484375 0.0888671875
1 0.763671875 0.240234375 0.0166015625 0.0380859375