1 0.935546875 0.6962890625 0.064453125 0.1572265625
1 0.0771484375 0.7666015625 0.0537109375 0.1943359375
1 0.6328125 0.5712890625 0.03125 0.142578125
1 0.13671875 0.4912109375 0.0302734375 0.099609375
1 0.796875 0.4755859375 0.0224609375 0.109375
1 0.6630859375 0.3857421875 0.0244140625 0.0693359375
1 0.2568359375 0.4287109375 0.0244140625 0.0859375
1 0.3505859375 0.5087890625 0.0244140625 0.1025390625
1 0.5400390625 0.4384765625 0.021484375 0.0888671875
1 0.947265625 0.4130859375 0.029296875 0.08203125
1 0.4736328125 0.412109375 0.0166015625 0.0625
0 0.7666015625 0.5166015625 0.0107421875 0.0185546875