1 0.1904296875 0.58203125 0.044921875 0.13671875
1 0.71875 0.568359375 0.0341796875 0.1220703125
1 0.5673828125 0.513671875 0.0234375 0.1064453125
1 0.7998046875 0.5068359375 0.0244140625 0.1005859375
1 0.47265625 0.498046875 0.0263671875 0.0869140625
1 0.85546875 0.5048828125 0.0244140625 0.0791015625
1 0.685546875 0.4697265625 0.0205078125 0.083984375
1 0.9189453125 0.8916015625 0.068359375 0.216796875
1 0.7451171875 0.4619140625 0.025390625 0.078125
0 0.71875 0.45703125 0.0078125 0.0146484375
1 0.712890625 0.4296875 0.0234375 0.0712890625