1 0.8994140625 0.7060546875 0.060546875 0.197265625
1 0.681640625 0.8076171875 0.0439453125 0.2373046875
1 0.55859375 0.5078125 0.037109375 0.1240234375
1 0.822265625 0.44921875 0.0302734375 0.1103515625
1 0.1923828125 0.515625 0.03515625 0.12890625
1 0.3935546875 0.482421875 0.025390625 0.1279296875
1 0.2412109375 0.466796875 0.0263671875 0.10546875
1 0.634765625 0.7939453125 0.05859375 0.13671875
1 0.318359375 0.873046875 0.048828125 0.1884765625
1 0.630859375 0.373046875 0.01953125 0.080078125
1 0.423828125 0.40625 0.0302734375 0.087890625
1 0.9560546875 0.4013671875 0.025390625 0.0986328125
1 0.21484375 0.435546875 0.0283203125 0.115234375
0 0.5751953125 0.55078125 0.0107421875 0.01953125