1 0.4052734375 0.8310546875 0.046875 0.2021484375
1 0.4755859375 0.8447265625 0.041015625 0.2275390625
1 0.1171875 0.6005859375 0.0419921875 0.1513671875
1 0.2509765625 0.4658203125 0.037109375 0.1064453125
1 0.8251953125 0.484375 0.03125 0.09765625
1 0.6337890625 0.5029296875 0.0322265625 0.107421875
1 0.1982421875 0.43359375 0.01953125 0.0869140625
1 0.166015625 0.83984375 0.0380859375 0.181640625
1 0.6826171875 0.4130859375 0.0263671875 0.072265625
1 0.4921875 0.4169921875 0.0205078125 0.0830078125
1 0.5615234375 0.8740234375 0.0478515625 0.134765625
1 0.6318359375 0.447265625 0.03515625 0.09375
1 0.5126953125 0.431640625 0.02734375 0.0654296875
0 0.5166015625 0.4501953125 0.009765625 0.017578125