1 0.0126953125 0.724609375 0.025390625 0.1904296875
1 0.35546875 0.6064453125 0.033203125 0.1552734375
1 0.8896484375 0.796875 0.0712890625 0.185546875
1 0.8447265625 0.5146484375 0.033203125 0.1083984375
1 0.1962890625 0.4912109375 0.029296875 0.11328125
1 0.603515625 0.5263671875 0.02734375 0.1123046875
1 0.01171875 0.41796875 0.0224609375 0.0908203125
1 0.3349609375 0.384765625 0.025390625 0.068359375
1 0.3896484375 0.4697265625 0.021484375 0.09765625
1 0.68359375 0.443359375 0.025390625 0.095703125
1 0.53515625 0.4375 0.0205078125 0.0966796875
0 0.21875 0.53125 0.0146484375 0.02734375