1 0.2548828125 0.875 0.0537109375 0.25
1 0.5498046875 0.703125 0.048828125 0.1767578125
1 0.35546875 0.81640625 0.052734375 0.20703125
1 0.1064453125 0.5517578125 0.033203125 0.13671875
1 0.3046875 0.474609375 0.02734375 0.1103515625
1 0.572265625 0.4384765625 0.025390625 0.080078125
1 0.685546875 0.4306640625 0.01953125 0.1025390625
1 0.8544921875 0.5009765625 0.0263671875 0.1259765625
1 0.61328125 0.4091796875 0.0224609375 0.0810546875
1 0.52734375 0.404296875 0.0205078125 0.08984375
1 0.4599609375 0.4375 0.01953125 0.107421875
1 0.40234375 0.8369140625 0.044921875 0.142578125
0 0.82421875 0.5166015625 0.015625 0.0185546875