1 0.7998046875 0.3642578125 0.0458984375 0.1318359375
1 0.9775390625 0.462890625 0.0439453125 0.1611328125
1 0.4697265625 0.4091796875 0.0361328125 0.103515625
1 0.458984375 0.29296875 0.021484375 0.103515625
1 0.541015625 0.265625 0.0341796875 0.0869140625
1 0.205078125 0.302734375 0.021484375 0.09765625
1 0.3125 0.6591796875 0.0478515625 0.123046875
1 0.2216796875 0.65625 0.0478515625 0.142578125
1 0.130859375 0.37109375 0.0263671875 0.1240234375
0 0.7021484375 0.369140625 0.0107421875 0.017578125
1 0.560546875 0.3125 0.03125 0.1025390625
1 0.548828125 0.2578125 0.0205078125 0.0947265625