1 0.79296875 0.4599609375 0.0458984375 0.171875
1 0.6640625 0.333984375 0.041015625 0.123046875
1 0.4853515625 0.3857421875 0.0341796875 0.1328125
1 0.3046875 0.3388671875 0.0322265625 0.1064453125
1 0.83203125 0.314453125 0.03125 0.109375
1 0.5791015625 0.2705078125 0.0283203125 0.08984375
1 0.1787109375 0.2783203125 0.0263671875 0.1044921875
1 0.3564453125 0.3173828125 0.029296875 0.099609375
1 0.552734375 0.734375 0.056640625 0.1689453125
0 0.5322265625 0.279296875 0.01171875 0.01953125
1 0.349609375 0.3046875 0.0322265625 0.115234375