1 0.3076171875 0.7138671875 0.037109375 0.162109375
1 0.7900390625 0.453125 0.0361328125 0.0927734375
1 0.955078125 0.4560546875 0.0341796875 0.09765625
1 0.5087890625 0.43359375 0.0224609375 0.09375
1 0.5830078125 0.3935546875 0.0234375 0.068359375
1 0.6630859375 0.46875 0.0322265625 0.0869140625
1 0.1591796875 0.4306640625 0.0224609375 0.0810546875
1 0.720703125 0.412109375 0.0263671875 0.068359375
0 0.7421875 0.4462890625 0.009765625 0.0166015625
1 0.6962890625 0.392578125 0.017578125 0.07421875
1 0.7001953125 0.4189453125 0.037109375 0.0732421875