1 0.37890625 0.8935546875 0.05859375 0.1875
1 0.7265625 0.7177734375 0.0341796875 0.19140625
1 0.7763671875 0.6337890625 0.041015625 0.15625
1 0.234375 0.5087890625 0.0244140625 0.126953125
1 0.1025390625 0.4375 0.02734375 0.1015625
1 0.5673828125 0.48046875 0.02734375 0.1142578125
1 0.5126953125 0.4775390625 0.01953125 0.1123046875
1 0.4599609375 0.4375 0.0185546875 0.091796875
1 0.40234375 0.3935546875 0.017578125 0.0810546875
0 0.142578125 0.5322265625 0.01171875 0.021484375
1 0.1171875 0.5126953125 0.03515625 0.1259765625