1 0.2861328125 0.5546875 0.0615234375 0.1826171875
1 0.40625 0.6015625 0.0361328125 0.1923828125
1 0.2177734375 0.5703125 0.0400390625 0.177734375
1 0.197265625 0.462890625 0.03515625 0.1357421875
1 0.57421875 0.3759765625 0.03125 0.1298828125
1 0.64453125 0.2958984375 0.0302734375 0.1064453125
1 0.4365234375 0.3271484375 0.029296875 0.107421875
1 0.611328125 0.3388671875 0.025390625 0.1171875
1 0.6845703125 0.271484375 0.0244140625 0.091796875
1 0.39453125 0.26953125 0.0205078125 0.0986328125
1 0.3505859375 0.255859375 0.0205078125 0.0927734375
1 0.287109375 0.265625 0.017578125 0.0908203125
1 0.923828125 0.259765625 0.02734375 0.0966796875
0 0.9072265625 0.30078125 0.0107421875 0.017578125