1 0.65234375 0.634765625 0.0771484375 0.1689453125
1 0.1259765625 0.78125 0.068359375 0.228515625
1 0.2060546875 0.7275390625 0.0419921875 0.228515625
1 0.8193359375 0.6318359375 0.0419921875 0.1748046875
1 0.6826171875 0.4404296875 0.03125 0.123046875
1 0.8037109375 0.396484375 0.029296875 0.1005859375
1 0.609375 0.4306640625 0.02734375 0.11328125
1 0.45703125 0.509765625 0.0283203125 0.134765625
1 0.546875 0.35546875 0.0205078125 0.095703125
1 0.0703125 0.84765625 0.0537109375 0.2451171875
0 0.6953125 0.705078125 0.0166015625 0.02734375
1 0.45703125 0.4189453125 0.03125 0.1103515625