1 0.4072265625 0.904296875 0.0419921875 0.19140625
1 0.474609375 0.892578125 0.05078125 0.21484375
1 0.9326171875 0.740234375 0.041015625 0.1767578125
1 0.31640625 0.9501953125 0.0595703125 0.0986328125
1 0.25390625 0.5634765625 0.03125 0.11328125
1 0.5517578125 0.515625 0.029296875 0.1123046875
1 0.794921875 0.5 0.03515625 0.1123046875
1 0.728515625 0.4658203125 0.025390625 0.091796875
1 0.4091796875 0.4794921875 0.0224609375 0.08984375
1 0.58984375 0.5029296875 0.02734375 0.087890625
1 0.6123046875 0.443359375 0.0166015625 0.078125
1 0.5830078125 0.4619140625 0.0185546875 0.0791015625
0 0.333984375 0.4775390625 0.01171875 0.015625