1 0.798828125 0.6123046875 0.0478515625 0.169921875
1 0.166015625 0.455078125 0.0400390625 0.13671875
1 0.376953125 0.3779296875 0.0283203125 0.10546875
1 0.3037109375 0.44140625 0.03515625 0.1279296875
1 0.771484375 0.41015625 0.0283203125 0.1240234375
1 0.8505859375 0.61328125 0.0380859375 0.154296875
1 0.4736328125 0.3154296875 0.025390625 0.083984375
1 0.62890625 0.3544921875 0.021484375 0.0859375
0 0.4130859375 0.4013671875 0.01171875 0.0205078125
1 0.404296875 0.388671875 0.03125 0.103515625
1 0.7783203125 0.3291015625 0.021484375 0.087890625
1 0.1904296875 0.4091796875 0.029296875 0.115234375