1 0.5546875 0.48828125 0.0390625 0.1171875
1 0.9794921875 0.8291015625 0.041015625 0.22265625
1 0.296875 0.513671875 0.0283203125 0.142578125
1 0.943359375 0.41796875 0.0263671875 0.10546875
1 0.6142578125 0.482421875 0.0380859375 0.1279296875
1 0.7529296875 0.48828125 0.0322265625 0.12109375
1 0.787109375 0.416015625 0.03515625 0.087890625
0 0.671875 0.50390625 0.0107421875 0.0322265625
1 0.63671875 0.4580078125 0.044921875 0.109375
1 0.609375 0.4306640625 0.0400390625 0.099609375
1 0.8095703125 0.365234375 0.0234375 0.0927734375