1 0.2880859375 0.5810546875 0.0546875 0.158203125
1 0.36328125 0.5634765625 0.0478515625 0.15625
1 0.4423828125 0.458984375 0.0244140625 0.1171875
1 0.8857421875 0.5390625 0.033203125 0.1337890625
1 0.787109375 0.4091796875 0.0234375 0.091796875
1 0.9248046875 0.5185546875 0.0498046875 0.146484375
1 0.763671875 0.3623046875 0.021484375 0.0849609375
1 0.3291015625 0.3427734375 0.0205078125 0.083984375
1 0.5048828125 0.8154296875 0.0517578125 0.16796875
0 0.068359375 0.630859375 0.0166015625 0.0234375
1 0.0322265625 0.572265625 0.052734375 0.15234375