1 0.484375 0.4892578125 0.0341796875 0.123046875
1 0.25 0.794921875 0.0478515625 0.205078125
1 0.609375 0.3583984375 0.03125 0.087890625
1 0.3291015625 0.7431640625 0.0498046875 0.2158203125
1 0.4375 0.3779296875 0.02734375 0.103515625
1 0.2021484375 0.384765625 0.0263671875 0.0986328125
1 0.685546875 0.484375 0.029296875 0.119140625
1 0.73828125 0.3935546875 0.0283203125 0.095703125
1 0.8828125 0.4658203125 0.0390625 0.123046875
0 0.4970703125 0.5361328125 0.0107421875 0.0263671875
1 0.6669921875 0.4658203125 0.029296875 0.1279296875
1 0.8818359375 0.4619140625 0.017578125 0.138671875