1 0.447265625 0.7353515625 0.0654296875 0.2177734375
1 0.822265625 0.400390625 0.0419921875 0.095703125
1 0.158203125 0.4658203125 0.0361328125 0.1240234375
1 0.2841796875 0.474609375 0.037109375 0.130859375
1 0.634765625 0.865234375 0.0546875 0.158203125
1 0.541015625 0.79296875 0.0498046875 0.1337890625
1 0.8896484375 0.44140625 0.033203125 0.099609375
1 0.5595703125 0.4658203125 0.025390625 0.0986328125
0 0.1923828125 0.4921875 0.0107421875 0.0224609375
1 0.2939453125 0.38671875 0.025390625 0.09375
1 0.5625 0.4375 0.0234375 0.11328125