1 0.6337890625 0.7890625 0.048828125 0.2099609375
1 0.5712890625 0.7587890625 0.044921875 0.2021484375
1 0.7138671875 0.8583984375 0.048828125 0.2509765625
1 0.296875 0.5341796875 0.0302734375 0.130859375
1 0.6650390625 0.4501953125 0.0302734375 0.1083984375
1 0.7822265625 0.4482421875 0.0263671875 0.1005859375
1 0.4892578125 0.453125 0.0234375 0.0986328125
1 0.626953125 0.4228515625 0.0263671875 0.0927734375
1 0.3876953125 0.4150390625 0.0283203125 0.109375
1 0.701171875 0.4326171875 0.017578125 0.0966796875
0 0.13671875 0.544921875 0.013671875 0.0244140625
1 0.380859375 0.3896484375 0.017578125 0.0693359375