1 0.5146484375 0.75390625 0.04296875 0.2060546875
1 0.7255859375 0.5205078125 0.0400390625 0.1083984375
1 0.869140625 0.5029296875 0.03125 0.109375
1 0.47265625 0.5263671875 0.0302734375 0.11328125
1 0.2978515625 0.5322265625 0.0341796875 0.126953125
1 0.578125 0.4482421875 0.025390625 0.0830078125
1 0.369140625 0.4287109375 0.01953125 0.0849609375
1 0.6376953125 0.8466796875 0.0380859375 0.2021484375
1 0.5771484375 0.8125 0.046875 0.1298828125
1 0.5390625 0.4091796875 0.017578125 0.0673828125
0 0.3154296875 0.568359375 0.0107421875 0.021484375