1 0.71484375 0.630859375 0.0458984375 0.1787109375
1 0.8427734375 0.638671875 0.044921875 0.1611328125
1 0.4482421875 0.4716796875 0.03515625 0.1220703125
1 0.58984375 0.4677734375 0.0400390625 0.123046875
1 0.056640625 0.4609375 0.033203125 0.1064453125
1 0.84375 0.4248046875 0.02734375 0.1005859375
1 0.744140625 0.392578125 0.0234375 0.095703125
1 0.71875 0.3369140625 0.0234375 0.076171875
1 0.3994140625 0.3681640625 0.0205078125 0.0927734375
1 0.3818359375 0.365234375 0.0283203125 0.0966796875
1 0.8349609375 0.349609375 0.0234375 0.083984375