1 0.6845703125 0.4287109375 0.0244140625 0.115234375
1 0.5947265625 0.3916015625 0.04296875 0.1005859375
1 0.8193359375 0.447265625 0.033203125 0.1328125
1 0.5419921875 0.318359375 0.02734375 0.0859375
1 0.220703125 0.416015625 0.0341796875 0.1171875
1 0.1435546875 0.64453125 0.0419921875 0.1748046875
1 0.376953125 0.353515625 0.0205078125 0.091796875
1 0.2001953125 0.671875 0.0498046875 0.1318359375
1 0.802734375 0.408203125 0.0341796875 0.115234375
1 0.23046875 0.3369140625 0.0234375 0.0986328125
1 0.58984375 0.3515625 0.025390625 0.0478515625
0 0.541015625 0.3564453125 0.0126953125 0.0166015625