1 0.6455078125 0.65234375 0.04296875 0.169921875
1 0.802734375 0.552734375 0.0478515625 0.142578125
1 0.7294921875 0.6787109375 0.0390625 0.1728515625
1 0.470703125 0.6513671875 0.0322265625 0.1513671875
1 0.462890625 0.8154296875 0.0439453125 0.2197265625
1 0.5234375 0.4267578125 0.021484375 0.1005859375
1 0.1416015625 0.515625 0.02734375 0.12109375
1 0.29296875 0.4638671875 0.0302734375 0.0810546875
1 0.376953125 0.4453125 0.03125 0.1083984375
1 0.2548828125 0.41796875 0.0205078125 0.087890625
1 0.681640625 0.390625 0.01953125 0.0791015625
1 0.544921875 0.380859375 0.015625 0.0751953125
0 0.4658203125 0.4580078125 0.01171875 0.0166015625