1 0.6826171875 0.9072265625 0.05859375 0.181640625
1 0.275390625 0.7119140625 0.0419921875 0.1650390625
1 0.5439453125 0.5380859375 0.0380859375 0.1083984375
1 0.822265625 0.5185546875 0.0302734375 0.109375
1 0.6630859375 0.544921875 0.0263671875 0.1162109375
1 0.2158203125 0.5859375 0.0224609375 0.1171875
1 0.173828125 0.5361328125 0.0205078125 0.0986328125
1 0.3525390625 0.4765625 0.021484375 0.0859375
1 0.21484375 0.943359375 0.0556640625 0.1044921875
1 0.0185546875 0.90234375 0.037109375 0.177734375
0 0.4794921875 0.5634765625 0.0126953125 0.0244140625