1 0.86328125 0.7060546875 0.041015625 0.16796875
1 0.5078125 0.955078125 0.0576171875 0.08984375
1 0.0185546875 0.48828125 0.0224609375 0.099609375
1 0.2578125 0.49609375 0.025390625 0.0927734375
1 0.302734375 0.517578125 0.0205078125 0.095703125
1 0.375 0.4736328125 0.0185546875 0.087890625
1 0.4189453125 0.4306640625 0.017578125 0.07421875
1 0.513671875 0.5048828125 0.02734375 0.0908203125
1 0.0869140625 0.9111328125 0.0693359375 0.1767578125
1 0.5 0.5302734375 0.033203125 0.095703125
0 0.4736328125 0.556640625 0.0146484375 0.0244140625
1 0.2353515625 0.4990234375 0.0302734375 0.1025390625