1 0.1552734375 0.376953125 0.0400390625 0.123046875
1 0.7607421875 0.3525390625 0.0390625 0.11328125
1 0.8427734375 0.38671875 0.0634765625 0.119140625
1 0.6416015625 0.3408203125 0.033203125 0.0986328125
1 0.3984375 0.2998046875 0.0341796875 0.103515625
1 0.6845703125 0.3037109375 0.0458984375 0.08984375
1 0.107421875 0.7822265625 0.0732421875 0.12890625
1 0.2197265625 0.3671875 0.041015625 0.119140625
1 0.3349609375 0.80078125 0.076171875 0.1611328125
0 0.6591796875 0.37890625 0.01171875 0.0205078125
1 0.7060546875 0.287109375 0.0234375 0.0849609375