1 0.1611328125 0.3916015625 0.046875 0.1337890625
1 0.4970703125 0.4375 0.0361328125 0.10546875
1 0.5078125 0.3193359375 0.021484375 0.10546875
1 0.4248046875 0.291015625 0.03515625 0.087890625
1 0.7666015625 0.3291015625 0.021484375 0.0986328125
1 0.6572265625 0.6923828125 0.0478515625 0.125
1 0.75 0.689453125 0.0478515625 0.14453125
1 0.841796875 0.3994140625 0.02734375 0.1259765625
0 0.26171875 0.3974609375 0.01171875 0.017578125
1 0.4052734375 0.3388671875 0.0322265625 0.1044921875
1 0.41796875 0.283203125 0.0205078125 0.0966796875